IP地址,端口,回源端口,TLS,数据中心,地区,城市,TCP延迟(ms),速度(MB/s)
47.237.100.206,2096,2096,true,SIN,Asia Pacific,Singapore,94,4.53
8.218.1.163,2087,2087,true,HKG,Asia Pacific,Hong Kong,39,4.52
47.236.164.215,8443,8443,true,SIN,Asia Pacific,Singapore,84,4.52
8.218.243.95,2096,2096,true,HKG,Asia Pacific,Hong Kong,56,4.51
8.222.134.170,2083,2083,true,SIN,Asia Pacific,Singapore,58,4.51
8.222.179.231,2096,2096,true,SIN,Asia Pacific,Singapore,84,4.51
8.222.174.108,2096,2096,true,SIN,Asia Pacific,Singapore,81,4.51
8.222.193.65,2083,2083,true,SIN,Asia Pacific,Singapore,72,4.50
8.222.222.64,443,443,true,SIN,Asia Pacific,Singapore,86,4.50
47.242.176.237,2053,2053,true,HKG,Asia Pacific,Hong Kong,77,4.50
47.236.167.231,2083,2083,true,SIN,Asia Pacific,Singapore,73,4.50
8.219.193.202,2096,2096,true,SIN,Asia Pacific,Singapore,48,4.49
8.219.163.195,2053,2053,true,SIN,Asia Pacific,Singapore,95,4.48
8.210.156.6,2087,2087,true,HKG,Asia Pacific,Hong Kong,81,4.48
8.218.98.75,2053,2053,true,HKG,Asia Pacific,Hong Kong,85,4.48
8.219.98.13,2096,2096,true,SIN,Asia Pacific,Singapore,59,4.48
8.218.243.95,2087,2087,true,HKG,Asia Pacific,Hong Kong,108,4.48
8.217.85.14,2083,2083,true,HKG,Asia Pacific,Hong Kong,127,4.47
8.217.251.62,2083,2083,true,HKG,Asia Pacific,Hong Kong,93,4.47
47.242.155.183,8443,8443,true,HKG,Asia Pacific,Hong Kong,65,4.47
47.243.74.220,2053,2053,true,HKG,Asia Pacific,Hong Kong,70,4.47
8.218.3.198,2087,2087,true,HKG,Asia Pacific,Hong Kong,80,4.47
8.218.18.235,2087,2087,true,HKG,Asia Pacific,Hong Kong,64,4.47
8.218.207.169,8443,8443,true,HKG,Asia Pacific,Hong Kong,45,4.46
8.218.3.12,2096,2096,true,HKG,Asia Pacific,Hong Kong,76,4.46
47.237.94.140,2083,2083,true,SIN,Asia Pacific,Singapore,75,4.46
47.238.40.58,2087,2087,true,HKG,Asia Pacific,Hong Kong,117,4.45
47.236.144.48,2096,2096,true,SIN,Asia Pacific,Singapore,23,4.45
8.222.222.64,2087,2087,true,SIN,Asia Pacific,Singapore,51,4.44
47.238.43.79,2087,2087,true,HKG,Asia Pacific,Hong Kong,94,4.44
47.243.67.28,2096,2096,true,HKG,Asia Pacific,Hong Kong,105,4.44
8.222.150.197,2087,2087,true,SIN,Asia Pacific,Singapore,40,4.44
8.219.222.98,2083,2083,true,SIN,Asia Pacific,Singapore,91,4.43
8.217.248.220,2087,2087,true,HKG,Asia Pacific,Hong Kong,69,4.43
8.218.1.163,8443,8443,true,HKG,Asia Pacific,Hong Kong,46,4.43
47.236.205.188,2053,2053,true,SIN,Asia Pacific,Singapore,76,4.43
47.237.8.82,2096,2096,true,SIN,Asia Pacific,Singapore,42,4.42
47.242.176.237,2087,2087,true,HKG,Asia Pacific,Hong Kong,84,4.42
47.242.174.27,2053,2053,true,HKG,Asia Pacific,Hong Kong,63,4.40
47.237.82.15,2096,2096,true,SIN,Asia Pacific,Singapore,141,4.40
8.222.136.247,2096,2096,true,SIN,Asia Pacific,Singapore,56,4.39
47.243.90.180,2053,2053,true,HKG,Asia Pacific,Hong Kong,77,4.38
47.236.93.176,2087,2087,true,SIN,Asia Pacific,Singapore,48,4.38
8.222.144.50,2087,2087,true,SIN,Asia Pacific,Singapore,7,4.37
47.242.171.94,2083,2083,true,HKG,Asia Pacific,Hong Kong,59,4.37
8.222.156.242,2053,2053,true,SIN,Asia Pacific,Singapore,97,4.36
47.76.189.102,2083,2083,true,HKG,Asia Pacific,Hong Kong,62,4.35
8.219.201.8,8443,8443,true,SIN,Asia Pacific,Singapore,92,4.35
8.218.228.152,8443,8443,true,HKG,Asia Pacific,Hong Kong,42,4.35
47.80.2.19,443,443,true,ICN,Asia Pacific,Seoul,80,4.35
8.218.201.73,2087,2087,true,HKG,Asia Pacific,Hong Kong,51,4.34
8.219.50.180,8443,8443,true,SIN,Asia Pacific,Singapore,24,4.34
47.236.10.182,8443,8443,true,SIN,Asia Pacific,Singapore,84,4.33
47.237.14.220,2053,2053,true,SIN,Asia Pacific,Singapore,71,4.32
47.238.5.0,2083,2083,true,HKG,Asia Pacific,Hong Kong,93,4.32
47.236.144.48,2053,2053,true,SIN,Asia Pacific,Singapore,87,4.32
8.219.0.48,8443,8443,true,SIN,Asia Pacific,Singapore,38,4.31
8.222.193.65,2096,2096,true,SIN,Asia Pacific,Singapore,63,4.31
47.243.243.14,2053,2053,true,HKG,Asia Pacific,Hong Kong,53,4.31
8.218.8.142,2053,2053,true,HKG,Asia Pacific,Hong Kong,45,4.31
47.238.6.102,2096,2096,true,HKG,Asia Pacific,Hong Kong,66,4.31
47.243.70.186,2053,2053,true,HKG,Asia Pacific,Hong Kong,107,4.30
47.76.213.245,2083,2083,true,HKG,Asia Pacific,Hong Kong,85,4.30
47.242.171.94,8443,8443,true,HKG,Asia Pacific,Hong Kong,73,4.30
8.218.155.238,2096,2096,true,HKG,Asia Pacific,Hong Kong,73,4.30
47.80.16.240,443,443,true,ICN,Asia Pacific,Seoul,71,4.29
47.242.171.94,2087,2087,true,HKG,Asia Pacific,Hong Kong,70,4.28
47.243.139.85,2087,2087,true,HKG,Asia Pacific,Hong Kong,98,4.28
8.217.147.230,2087,2087,true,HKG,Asia Pacific,Hong Kong,58,4.28
47.236.237.90,2087,2087,true,SIN,Asia Pacific,Singapore,46,4.27
47.236.172.95,8443,8443,true,SIN,Asia Pacific,Singapore,82,4.27
8.222.222.64,8443,8443,true,SIN,Asia Pacific,Singapore,98,4.26
47.237.14.220,2087,2087,true,SIN,Asia Pacific,Singapore,73,4.25
47.236.5.223,2053,2053,true,SIN,Asia Pacific,Singapore,66,4.24
47.242.157.96,8443,8443,true,HKG,Asia Pacific,Hong Kong,56,4.23
47.237.14.220,2087,2087,true,SIN,Asia Pacific,Singapore,51,4.23
8.222.249.190,8443,8443,true,SIN,Asia Pacific,Singapore,67,4.23
8.218.1.163,2053,2053,true,HKG,Asia Pacific,Hong Kong,90,4.21
47.236.150.13,2083,2083,true,SIN,Asia Pacific,Singapore,56,4.21
47.236.10.100,2083,2083,true,SIN,Asia Pacific,Singapore,76,4.20
47.236.5.223,2083,2083,true,SIN,Asia Pacific,Singapore,82,4.19
8.222.146.222,2053,2053,true,SIN,Asia Pacific,Singapore,77,4.19
47.243.203.119,2087,2087,true,HKG,Asia Pacific,Hong Kong,67,4.19
47.236.63.152,443,443,true,SIN,Asia Pacific,Singapore,44,4.19
47.239.10.224,443,443,true,HKG,Asia Pacific,Hong Kong,58,4.19
47.238.164.202,443,443,true,HKG,Asia Pacific,Hong Kong,153,4.19
8.219.161.129,2083,2083,true,SIN,Asia Pacific,Singapore,69,4.18
8.217.232.246,2053,2053,true,HKG,Asia Pacific,Hong Kong,78,4.18
47.76.189.102,8443,8443,true,HKG,Asia Pacific,Hong Kong,89,4.18
47.250.12.116,80,443,true,KUL,Asia Pacific,Kuala Lumpur,33,4.18
8.210.65.1,2053,2053,true,HKG,Asia Pacific,Hong Kong,91,4.18
8.219.210.64,2096,2096,true,SIN,Asia Pacific,Singapore,48,4.17
47.238.235.163,443,443,true,HKG,Asia Pacific,Hong Kong,48,4.17
8.218.126.53,2083,2083,true,HKG,Asia Pacific,Hong Kong,43,4.17
8.222.165.117,8443,8443,true,SIN,Asia Pacific,Singapore,73,4.17
47.250.14.44,80,443,true,KUL,Asia Pacific,Kuala Lumpur,45,4.17
8.222.137.192,443,443,true,SIN,Asia Pacific,Singapore,65,4.16
8.222.215.228,2053,2053,true,SIN,Asia Pacific,Singapore,103,4.16
47.238.6.58,2053,2053,true,HKG,Asia Pacific,Hong Kong,131,4.15
8.219.78.1,8443,8443,true,SIN,Asia Pacific,Singapore,72,4.15
47.245.126.151,2053,2053,true,SIN,Asia Pacific,Singapore,27,4.15
47.243.243.14,2096,2096,true,HKG,Asia Pacific,Hong Kong,55,4.15
8.218.3.12,2087,2087,true,HKG,Asia Pacific,Hong Kong,54,4.15
8.222.144.50,2053,2053,true,SIN,Asia Pacific,Singapore,38,4.14
47.74.4.97,443,443,true,NRT,Asia Pacific,Tokyo,83,4.14
8.219.0.48,2083,2083,true,SIN,Asia Pacific,Singapore,59,4.14
47.76.159.146,2096,2096,true,HKG,Asia Pacific,Hong Kong,68,4.14
8.218.65.171,2053,2053,true,HKG,Asia Pacific,Hong Kong,72,4.14
47.243.26.83,2083,2083,true,HKG,Asia Pacific,Hong Kong,68,4.14
8.218.243.95,2096,2096,true,HKG,Asia Pacific,Hong Kong,96,4.13
8.217.85.14,2087,2087,true,HKG,Asia Pacific,Hong Kong,75,4.13
47.250.13.77,80,443,true,KUL,Asia Pacific,Kuala Lumpur,84,4.13
47.238.164.202,443,443,true,HKG,Asia Pacific,Hong Kong,43,4.12
47.236.167.231,8443,8443,true,SIN,Asia Pacific,Singapore,40,4.12
47.243.243.14,2083,2083,true,HKG,Asia Pacific,Hong Kong,88,4.12
47.243.74.220,8443,8443,true,HKG,Asia Pacific,Hong Kong,55,4.11
47.236.22.124,443,443,true,SIN,Asia Pacific,Singapore,94,4.11
8.222.208.38,2096,2096,true,SIN,Asia Pacific,Singapore,28,4.11
47.250.14.147,80,443,true,KUL,Asia Pacific,Kuala Lumpur,96,4.11
47.236.75.152,2083,2083,true,SIN,Asia Pacific,Singapore,71,4.10
8.217.248.220,2087,2087,true,HKG,Asia Pacific,Hong Kong,57,4.09
47.237.100.206,2087,2087,true,SIN,Asia Pacific,Singapore,99,4.09
8.222.164.209,8443,8443,true,SIN,Asia Pacific,Singapore,35,4.09
47.236.9.152,2096,2096,true,SIN,Asia Pacific,Singapore,69,4.09
47.242.171.94,2096,2096,true,HKG,Asia Pacific,Hong Kong,51,4.09
47.236.17.193,2083,2083,true,SIN,Asia Pacific,Singapore,23,4.08
47.237.14.220,2083,2083,true,SIN,Asia Pacific,Singapore,38,4.08
47.76.222.57,2087,2087,true,HKG,Asia Pacific,Hong Kong,58,4.05
8.217.181.213,2087,2087,true,HKG,Asia Pacific,Hong Kong,92,4.04
47.237.95.13,2087,2087,true,SIN,Asia Pacific,Singapore,105,4.04
47.238.48.58,80,443,true,SIN,Asia Pacific,Singapore,51,4.04
47.238.0.114,2087,2087,true,HKG,Asia Pacific,Hong Kong,97,4.03
8.219.11.158,8443,8443,true,SIN,Asia Pacific,Singapore,56,4.03
47.238.50.221,80,443,true,SIN,Asia Pacific,Singapore,70,4.03
47.76.233.67,2096,2096,true,HKG,Asia Pacific,Hong Kong,49,4.03
47.238.52.240,80,443,true,KUL,Asia Pacific,Kuala Lumpur,74,4.02
47.238.48.58,80,443,true,SIN,Asia Pacific,Singapore,38,4.02
47.236.85.11,8443,443,true,SIN,Asia Pacific,Singapore,85,4.02
47.76.249.116,80,443,true,SIN,Asia Pacific,Singapore,49,4.01
8.218.2.181,2083,2083,true,HKG,Asia Pacific,Hong Kong,61,4.01
47.236.167.231,2083,2083,true,SIN,Asia Pacific,Singapore,34,4.01
47.76.227.40,2053,2053,true,HKG,Asia Pacific,Hong Kong,78,4.00
47.238.49.85,80,443,true,SIN,Asia Pacific,Singapore,38,4.00
47.76.106.86,80,443,true,SIN,Asia Pacific,Singapore,67,4.00
8.218.211.17,2053,2053,true,HKG,Asia Pacific,Hong Kong,67,3.99
8.218.155.238,2096,2096,true,HKG,Asia Pacific,Hong Kong,80,3.99
47.236.150.13,2087,2087,true,SIN,Asia Pacific,Singapore,128,3.99
47.238.36.145,80,443,true,KUL,Asia Pacific,Kuala Lumpur,63,3.99
47.236.237.90,8443,8443,true,SIN,Asia Pacific,Singapore,117,3.99
47.239.12.227,80,443,true,SIN,Asia Pacific,Singapore,61,3.99
8.219.161.129,2096,2096,true,SIN,Asia Pacific,Singapore,44,3.99
47.238.35.50,2053,2053,true,HKG,Asia Pacific,Hong Kong,88,3.99
47.236.144.48,2087,2087,true,SIN,Asia Pacific,Singapore,74,3.98
47.76.233.67,8443,8443,true,HKG,Asia Pacific,Hong Kong,43,3.98
47.76.254.36,80,443,true,SIN,Asia Pacific,Singapore,60,3.98
47.238.3.10,80,443,true,KUL,Asia Pacific,Kuala Lumpur,82,3.98
47.239.13.168,80,443,true,SIN,Asia Pacific,Singapore,73,3.97
47.236.174.206,2096,2096,true,SIN,Asia Pacific,Singapore,94,3.97
47.76.254.36,80,443,true,SIN,Asia Pacific,Singapore,45,3.97
47.242.119.104,2087,2087,true,HKG,Asia Pacific,Hong Kong,47,3.97
47.236.10.182,2053,2053,true,SIN,Asia Pacific,Singapore,53,3.96
47.236.171.205,2053,2053,true,SIN,Asia Pacific,Singapore,88,3.96
47.238.5.0,8443,8443,true,HKG,Asia Pacific,Hong Kong,80,3.95
47.76.243.157,80,443,true,SIN,Asia Pacific,Singapore,66,3.95
47.236.5.223,2096,2096,true,SIN,Asia Pacific,Singapore,76,3.95
47.76.32.108,2083,2083,true,HKG,Asia Pacific,Hong Kong,39,3.95
47.238.5.0,2096,2096,true,HKG,Asia Pacific,Hong Kong,110,3.94
47.238.36.250,80,443,true,KUL,Asia Pacific,Kuala Lumpur,71,3.94
47.238.48.153,80,443,true,KUL,Asia Pacific,Kuala Lumpur,40,3.94
47.238.41.59,80,443,true,KUL,Asia Pacific,Kuala Lumpur,63,3.94
8.218.188.129,2053,2053,true,HKG,Asia Pacific,Hong Kong,46,3.92
47.238.41.59,80,443,true,KUL,Asia Pacific,Kuala Lumpur,64,3.91
8.219.98.13,2053,2053,true,SIN,Asia Pacific,Singapore,64,3.90
47.242.36.78,2096,2096,true,HKG,Asia Pacific,Hong Kong,68,3.90
47.238.49.85,80,443,true,SIN,Asia Pacific,Singapore,85,3.90
47.237.0.31,2087,2087,true,SIN,Asia Pacific,Singapore,81,3.90
47.238.36.145,80,443,true,KUL,Asia Pacific,Kuala Lumpur,128,3.90
47.242.202.230,2053,2053,true,HKG,Asia Pacific,Hong Kong,61,3.89
47.76.249.116,80,443,true,SIN,Asia Pacific,Singapore,47,3.89
47.76.243.157,80,443,true,SIN,Asia Pacific,Singapore,42,3.89
47.238.40.58,2096,2096,true,HKG,Asia Pacific,Hong Kong,61,3.89
8.222.193.65,443,443,true,SIN,Asia Pacific,Singapore,24,3.88
47.236.149.107,2087,2087,true,SIN,Asia Pacific,Singapore,61,3.88
47.236.10.182,8443,8443,true,SIN,Asia Pacific,Singapore,70,3.88
8.222.215.228,8443,8443,true,SIN,Asia Pacific,Singapore,72,3.88
8.218.11.90,8443,8443,true,HKG,Asia Pacific,Hong Kong,68,3.87
47.238.36.250,80,443,true,KUL,Asia Pacific,Kuala Lumpur,78,3.87
8.218.211.17,2087,2087,true,HKG,Asia Pacific,Hong Kong,45,3.87
47.76.247.16,80,443,true,SIN,Asia Pacific,Singapore,82,3.87
47.238.52.240,80,443,true,KUL,Asia Pacific,Kuala Lumpur,99,3.87
8.219.200.145,2096,2096,true,SIN,Asia Pacific,Singapore,85,3.86
47.238.50.221,80,443,true,SIN,Asia Pacific,Singapore,51,3.86
8.217.159.210,2096,2096,true,HKG,Asia Pacific,Hong Kong,90,3.86
8.222.187.4,8443,8443,true,SIN,Asia Pacific,Singapore,93,3.85
47.236.150.13,2053,2053,true,SIN,Asia Pacific,Singapore,57,3.85
8.217.159.210,2083,2083,true,HKG,Asia Pacific,Hong Kong,81,3.85
47.238.52.160,80,443,true,SIN,Asia Pacific,Singapore,78,3.84
47.237.94.140,8443,8443,true,SIN,Asia Pacific,Singapore,101,3.84
47.238.44.224,80,443,true,SIN,Asia Pacific,Singapore,70,3.84
8.218.98.75,2096,2096,true,HKG,Asia Pacific,Hong Kong,97,3.84
47.76.247.16,80,443,true,KUL,Asia Pacific,Kuala Lumpur,51,3.83
47.76.245.164,80,443,true,SIN,Asia Pacific,Singapore,44,3.82
47.238.44.224,80,443,true,SIN,Asia Pacific,Singapore,59,3.82
47.238.138.232,80,443,true,CGK,Asia Pacific,Jakarta,64,3.80
8.222.137.192,2096,2096,true,SIN,Asia Pacific,Singapore,57,3.79
47.238.48.153,80,443,true,KUL,Asia Pacific,Kuala Lumpur,75,3.79
47.242.157.96,2083,2083,true,HKG,Asia Pacific,Hong Kong,91,3.79
8.219.111.147,443,443,true,SIN,Asia Pacific,Singapore,56,3.79
8.219.67.133,8443,8443,true,SIN,Asia Pacific,Singapore,149,3.79
8.222.237.131,2096,2096,true,SIN,Asia Pacific,Singapore,86,3.78
47.242.171.94,2053,2053,true,HKG,Asia Pacific,Hong Kong,58,3.78
8.218.174.118,8443,8443,true,HKG,Asia Pacific,Hong Kong,64,3.77
47.236.171.205,8443,8443,true,SIN,Asia Pacific,Singapore,99,3.77
47.236.169.141,2096,2096,true,SIN,Asia Pacific,Singapore,69,3.77
47.236.10.182,2087,2087,true,SIN,Asia Pacific,Singapore,67,3.77
47.236.144.48,2083,2083,true,SIN,Asia Pacific,Singapore,57,3.77
47.238.3.10,80,443,true,KUL,Asia Pacific,Kuala Lumpur,117,3.77
47.236.5.223,2087,2087,true,SIN,Asia Pacific,Singapore,100,3.77
8.219.142.191,2053,2053,true,SIN,Asia Pacific,Singapore,96,3.76
47.76.204.76,2053,2053,true,HKG,Asia Pacific,Hong Kong,36,3.76
47.236.180.51,2087,2087,true,SIN,Asia Pacific,Singapore,95,3.75
47.236.10.100,2087,2087,true,SIN,Asia Pacific,Singapore,68,3.75
47.238.6.58,2087,2087,true,HKG,Asia Pacific,Hong Kong,152,3.74
47.243.183.127,8443,8443,true,HKG,Asia Pacific,Hong Kong,96,3.74
47.238.138.232,80,443,true,CGK,Asia Pacific,Jakarta,61,3.72
47.242.7.162,2096,2096,true,HKG,Asia Pacific,Hong Kong,70,3.72
47.236.150.13,2096,2096,true,SIN,Asia Pacific,Singapore,47,3.70
47.243.86.79,2083,2083,true,HKG,Asia Pacific,Hong Kong,81,3.69
47.76.233.67,2053,2053,true,HKG,Asia Pacific,Hong Kong,46,3.68
47.237.8.82,2053,2053,true,SIN,Asia Pacific,Singapore,59,3.68
47.236.10.182,2087,2087,true,SIN,Asia Pacific,Singapore,84,3.68
47.238.5.0,2087,2087,true,HKG,Asia Pacific,Hong Kong,85,3.66
8.217.207.60,2053,2053,true,HKG,Asia Pacific,Hong Kong,97,3.66
47.76.227.40,2083,2083,true,HKG,Asia Pacific,Hong Kong,75,3.65
47.236.205.188,2087,2087,true,SIN,Asia Pacific,Singapore,78,3.65
8.217.193.25,2053,2053,true,HKG,Asia Pacific,Hong Kong,110,3.63
47.237.14.220,8443,8443,true,SIN,Asia Pacific,Singapore,67,3.63
47.236.164.215,2083,2083,true,SIN,Asia Pacific,Singapore,95,3.63
47.242.157.96,2087,2087,true,HKG,Asia Pacific,Hong Kong,83,3.62
8.222.222.64,443,443,true,SIN,Asia Pacific,Singapore,53,3.62
8.217.145.40,2096,2096,true,HKG,Asia Pacific,Hong Kong,65,3.61
8.217.251.62,2087,2087,true,HKG,Asia Pacific,Hong Kong,87,3.61
8.218.178.79,2096,2096,true,HKG,Asia Pacific,Hong Kong,80,3.61
8.218.204.128,2083,2083,true,HKG,Asia Pacific,Hong Kong,68,3.61
8.217.149.28,2087,2087,true,HKG,Asia Pacific,Hong Kong,48,3.60
47.236.237.90,2087,2087,true,SIN,Asia Pacific,Singapore,43,3.58
47.236.169.141,2083,2083,true,SIN,Asia Pacific,Singapore,84,3.57
8.218.181.189,2087,2087,true,HKG,Asia Pacific,Hong Kong,73,3.57
47.236.174.206,2087,2087,true,SIN,Asia Pacific,Singapore,97,3.57
8.222.208.38,2087,2087,true,SIN,Asia Pacific,Singapore,98,3.56
8.219.240.160,2096,2096,true,SIN,Asia Pacific,Singapore,88,3.55
8.222.137.192,2053,2053,true,SIN,Asia Pacific,Singapore,89,3.55
8.218.74.119,2053,2053,true,HKG,Asia Pacific,Hong Kong,61,3.55
47.236.169.141,2053,2053,true,SIN,Asia Pacific,Singapore,84,3.55
8.217.221.165,2096,2096,true,HKG,Asia Pacific,Hong Kong,90,3.54
8.219.126.240,2053,2053,true,SIN,Asia Pacific,Singapore,97,3.54
47.236.5.223,2096,2096,true,SIN,Asia Pacific,Singapore,81,3.53
47.243.90.180,2083,2083,true,HKG,Asia Pacific,Hong Kong,134,3.53
8.218.178.79,2083,2083,true,HKG,Asia Pacific,Hong Kong,69,3.53
8.222.193.65,2053,2053,true,SIN,Asia Pacific,Singapore,131,3.53
8.219.201.8,2087,2087,true,SIN,Asia Pacific,Singapore,39,3.53
47.237.82.15,2087,2087,true,SIN,Asia Pacific,Singapore,22,3.52
47.237.11.182,2053,2053,true,SIN,Asia Pacific,Singapore,75,3.52
8.218.65.237,2087,2087,true,HKG,Asia Pacific,Hong Kong,71,3.51
8.219.42.72,2083,2083,true,SIN,Asia Pacific,Singapore,37,3.51
47.243.27.217,2087,2087,true,HKG,Asia Pacific,Hong Kong,50,3.50
8.218.136.25,8443,8443,true,HKG,Asia Pacific,Hong Kong,41,3.50
47.76.255.235,80,443,true,SIN,Asia Pacific,Singapore,44,3.49
47.236.180.51,2053,2053,true,SIN,Asia Pacific,Singapore,39,3.49
8.219.5.10,443,443,true,SIN,Asia Pacific,Singapore,58,3.48
47.237.83.20,2087,2087,true,SIN,Asia Pacific,Singapore,134,3.46
8.218.65.237,2096,2096,true,HKG,Asia Pacific,Hong Kong,85,3.46
8.218.122.55,2083,2083,true,HKG,Asia Pacific,Hong Kong,101,3.45
8.218.3.12,8443,8443,true,HKG,Asia Pacific,Hong Kong,46,3.45
47.236.150.13,2096,2096,true,SIN,Asia Pacific,Singapore,66,3.40
47.236.85.11,8443,443,true,SIN,Asia Pacific,Singapore,54,3.40
8.222.208.38,443,443,true,SIN,Asia Pacific,Singapore,62,3.40
8.217.221.165,2053,2053,true,HKG,Asia Pacific,Hong Kong,47,3.40
47.243.90.180,2053,2053,true,HKG,Asia Pacific,Hong Kong,71,3.38
8.217.85.14,2096,2096,true,HKG,Asia Pacific,Hong Kong,67,3.38
47.236.180.51,2087,2087,true,SIN,Asia Pacific,Singapore,38,3.38
8.217.159.210,8443,8443,true,HKG,Asia Pacific,Hong Kong,115,3.38
47.76.227.128,2087,2087,true,HKG,Asia Pacific,Hong Kong,56,3.37
8.217.50.252,2083,2083,true,HKG,Asia Pacific,Hong Kong,45,3.36
47.76.159.146,2083,2083,true,HKG,Asia Pacific,Hong Kong,79,3.35
8.219.103.65,2083,2083,true,SIN,Asia Pacific,Singapore,129,3.35
47.243.51.171,2083,2083,true,HKG,Asia Pacific,Hong Kong,128,3.33
8.218.52.115,2087,2087,true,HKG,Asia Pacific,Hong Kong,68,3.32
47.243.118.63,443,443,true,HKG,Asia Pacific,Hong Kong,59,3.32
8.218.142.253,2096,2096,true,HKG,Asia Pacific,Hong Kong,58,3.32
8.218.3.198,2053,2053,true,HKG,Asia Pacific,Hong Kong,109,3.31
47.243.60.150,8443,8443,true,HKG,Asia Pacific,Hong Kong,75,3.28
8.217.248.220,2053,2053,true,HKG,Asia Pacific,Hong Kong,39,3.28
47.236.75.152,2087,2087,true,SIN,Asia Pacific,Singapore,74,3.28
47.237.14.220,2083,2083,true,SIN,Asia Pacific,Singapore,148,3.28
47.236.237.90,2083,2083,true,SIN,Asia Pacific,Singapore,112,3.27
8.217.145.40,8443,8443,true,HKG,Asia Pacific,Hong Kong,98,3.27
8.222.208.38,8443,8443,true,SIN,Asia Pacific,Singapore,81,3.27
8.217.121.207,2083,2083,true,HKG,Asia Pacific,Hong Kong,60,3.26
8.218.3.198,8443,8443,true,HKG,Asia Pacific,Hong Kong,98,3.26
8.218.201.73,2096,2096,true,HKG,Asia Pacific,Hong Kong,87,3.25
8.219.235.164,8443,8443,true,SIN,Asia Pacific,Singapore,34,3.23
47.245.33.33,443,443,true,NRT,Asia Pacific,Tokyo,72,3.23
8.219.201.245,2053,2053,true,SIN,Asia Pacific,Singapore,55,3.22
8.210.101.157,8443,8443,true,HKG,Asia Pacific,Hong Kong,81,3.22
8.219.198.34,2096,2096,true,SIN,Asia Pacific,Singapore,74,3.22
47.238.6.58,2053,2053,true,HKG,Asia Pacific,Hong Kong,65,3.22
8.218.178.79,8443,8443,true,HKG,Asia Pacific,Hong Kong,51,3.20
47.236.180.51,2083,2083,true,SIN,Asia Pacific,Singapore,63,3.17
8.218.53.110,2087,2087,true,HKG,Asia Pacific,Hong Kong,39,3.15
8.218.85.128,2053,2053,true,HKG,Asia Pacific,Hong Kong,47,3.15
8.222.164.209,8443,8443,true,SIN,Asia Pacific,Singapore,25,3.14
8.218.181.189,2087,2087,true,HKG,Asia Pacific,Hong Kong,92,3.13
8.219.153.237,2096,2096,true,NRT,Asia Pacific,Tokyo,137,3.12
8.219.103.65,2053,2053,true,SIN,Asia Pacific,Singapore,78,3.12
8.219.5.10,2096,2096,true,SIN,Asia Pacific,Singapore,88,3.11
47.76.146.1,8443,8443,true,HKG,Asia Pacific,Hong Kong,67,3.10
8.222.137.192,2087,2087,true,SIN,Asia Pacific,Singapore,64,3.09
8.217.181.213,2083,2083,true,HKG,Asia Pacific,Hong Kong,76,3.08
8.218.1.163,2083,2083,true,HKG,Asia Pacific,Hong Kong,63,3.07
8.222.181.117,443,443,true,SIN,Asia Pacific,Singapore,61,3.07
8.219.222.98,2096,2096,true,SIN,Asia Pacific,Singapore,68,3.06
47.243.186.171,8443,8443,true,HKG,Asia Pacific,Hong Kong,69,3.06
8.218.243.95,2053,2053,true,HKG,Asia Pacific,Hong Kong,97,3.05
8.218.178.79,2053,2053,true,HKG,Asia Pacific,Hong Kong,93,3.05
47.90.141.204,443,443,true,LAX,North America,Los Angeles,251,3.05
8.217.250.5,8443,8443,true,HKG,Asia Pacific,Hong Kong,106,3.05
47.76.222.57,2053,2053,true,HKG,Asia Pacific,Hong Kong,57,3.04
47.237.11.182,2096,2096,true,SIN,Asia Pacific,Singapore,108,3.03
8.218.143.10,2053,2053,true,HKG,Asia Pacific,Hong Kong,42,3.01
8.218.143.10,2096,2096,true,HKG,Asia Pacific,Hong Kong,69,3.00
47.242.252.237,2087,2087,true,HKG,Asia Pacific,Hong Kong,65,3.00
47.236.80.110,2083,2083,true,SIN,Asia Pacific,Singapore,54,3.00
47.243.203.119,2053,2053,true,HKG,Asia Pacific,Hong Kong,63,2.99
47.236.237.90,2096,2096,true,SIN,Asia Pacific,Singapore,107,2.97
8.210.146.108,2053,2053,true,HKG,Asia Pacific,Hong Kong,37,2.96
8.218.207.169,8443,8443,true,HKG,Asia Pacific,Hong Kong,44,2.96
47.242.171.94,8443,8443,true,HKG,Asia Pacific,Hong Kong,84,2.95
8.217.250.222,2087,2087,true,HKG,Asia Pacific,Hong Kong,110,2.95
8.218.243.95,2083,2083,true,HKG,Asia Pacific,Hong Kong,50,2.92
47.237.100.206,2083,2083,true,SIN,Asia Pacific,Singapore,92,2.91
8.217.50.252,8443,8443,true,HKG,Asia Pacific,Hong Kong,69,2.90
8.217.207.60,8443,8443,true,HKG,Asia Pacific,Hong Kong,83,2.89
47.236.17.193,2087,2087,true,SIN,Asia Pacific,Singapore,57,2.89
8.217.250.5,2087,2087,true,HKG,Asia Pacific,Hong Kong,57,2.86
47.238.6.58,2083,2083,true,HKG,Asia Pacific,Hong Kong,56,2.86
8.217.72.0,2087,2087,true,HKG,Asia Pacific,Hong Kong,88,2.82
8.218.181.189,2053,2053,true,HKG,Asia Pacific,Hong Kong,78,2.80
47.236.180.51,8443,8443,true,SIN,Asia Pacific,Singapore,46,2.78
47.242.125.241,2053,2053,true,HKG,Asia Pacific,Hong Kong,106,2.78
47.243.234.9,2053,2053,true,HKG,Asia Pacific,Hong Kong,82,2.77
47.243.26.83,2087,2087,true,HKG,Asia Pacific,Hong Kong,119,2.76
47.243.206.150,2083,2083,true,HKG,Asia Pacific,Hong Kong,76,2.75
47.243.255.224,2083,2083,true,HKG,Asia Pacific,Hong Kong,62,2.75
8.222.208.38,443,443,true,SIN,Asia Pacific,Singapore,47,2.74
47.76.189.102,2096,2096,true,HKG,Asia Pacific,Hong Kong,100,2.72
47.242.252.237,8443,8443,true,HKG,Asia Pacific,Hong Kong,102,2.70
47.243.74.220,2083,2083,true,HKG,Asia Pacific,Hong Kong,76,2.70
8.210.207.214,8443,8443,true,HKG,Asia Pacific,Hong Kong,37,2.69
47.238.6.58,2087,2087,true,HKG,Asia Pacific,Hong Kong,118,2.69
8.210.42.171,2087,2087,true,HKG,Asia Pacific,Hong Kong,62,2.67
47.242.107.109,2087,2087,true,HKG,Asia Pacific,Hong Kong,91,2.67
8.218.228.152,2096,2096,true,HKG,Asia Pacific,Hong Kong,67,2.66
47.242.155.183,2083,2083,true,HKG,Asia Pacific,Hong Kong,55,2.65
8.218.146.204,2087,2087,true,HKG,Asia Pacific,Hong Kong,59,2.65
47.242.17.250,2083,2083,true,HKG,Asia Pacific,Hong Kong,188,2.63
8.218.188.129,2083,2083,true,HKG,Asia Pacific,Hong Kong,78,2.63
47.236.125.62,2087,2087,true,NRT,Asia Pacific,Tokyo,142,2.62
47.243.51.171,2096,2096,true,HKG,Asia Pacific,Hong Kong,92,2.61
47.242.252.237,2083,2083,true,HKG,Asia Pacific,Hong Kong,50,2.59
47.250.159.36,80,443,true,KUL,Asia Pacific,Kuala Lumpur,64,2.58
8.219.103.65,2096,2096,true,SIN,Asia Pacific,Singapore,87,2.58
8.218.18.132,2087,2087,true,HKG,Asia Pacific,Hong Kong,67,2.58
47.250.157.38,80,443,true,SIN,Asia Pacific,Singapore,78,2.58
8.219.50.180,2087,2087,true,SIN,Asia Pacific,Singapore,41,2.58
47.236.169.141,8443,8443,true,SIN,Asia Pacific,Singapore,111,2.57
47.242.183.7,2087,2087,true,HKG,Asia Pacific,Hong Kong,48,2.56
47.76.159.146,2053,2053,true,HKG,Asia Pacific,Hong Kong,56,2.56
47.243.169.63,8443,8443,true,HKG,Asia Pacific,Hong Kong,36,2.55
47.243.255.224,2087,2087,true,HKG,Asia Pacific,Hong Kong,59,2.52
8.219.67.133,2083,2083,true,SIN,Asia Pacific,Singapore,47,2.52
47.238.6.58,2096,2096,true,HKG,Asia Pacific,Hong Kong,51,2.48
8.222.134.170,2053,2053,true,SIN,Asia Pacific,Singapore,89,2.48
8.219.199.220,2053,2053,true,SIN,Asia Pacific,Singapore,85,2.47
47.238.5.0,8443,8443,true,HKG,Asia Pacific,Hong Kong,71,2.46
8.222.193.65,8443,8443,true,SIN,Asia Pacific,Singapore,48,2.46
8.222.183.242,8443,8443,true,SIN,Asia Pacific,Singapore,72,2.44
47.242.155.183,2053,2053,true,HKG,Asia Pacific,Hong Kong,86,2.44
8.218.98.75,2087,2087,true,HKG,Asia Pacific,Hong Kong,45,2.43
47.238.131.39,2053,2053,true,HKG,Asia Pacific,Hong Kong,61,2.42
8.217.159.210,8443,8443,true,HKG,Asia Pacific,Hong Kong,58,2.40
47.242.232.14,2096,2096,true,HKG,Asia Pacific,Hong Kong,67,2.40
47.76.189.102,2087,2087,true,HKG,Asia Pacific,Hong Kong,51,2.39
47.242.107.109,8443,8443,true,HKG,Asia Pacific,Hong Kong,50,2.38
8.219.132.64,2083,2083,true,SIN,Asia Pacific,Singapore,51,2.37
8.222.214.231,2096,2096,true,SIN,Asia Pacific,Singapore,88,2.36
8.210.203.7,2053,2053,true,HKG,Asia Pacific,Hong Kong,38,2.35
8.219.191.40,2053,2053,true,SIN,Asia Pacific,Singapore,45,2.35
47.242.119.104,8443,8443,true,HKG,Asia Pacific,Hong Kong,92,2.34
47.238.43.79,8443,8443,true,HKG,Asia Pacific,Hong Kong,57,2.34
8.218.211.17,2083,2083,true,HKG,Asia Pacific,Hong Kong,81,2.33
8.222.164.209,2053,2053,true,SIN,Asia Pacific,Singapore,47,2.32
47.236.118.216,8443,8443,true,SIN,Asia Pacific,Singapore,82,2.32
8.218.3.198,2096,2096,true,HKG,Asia Pacific,Hong Kong,63,2.32
47.243.18.199,2053,2053,true,HKG,Asia Pacific,Hong Kong,81,2.31
47.242.176.237,2087,2087,true,HKG,Asia Pacific,Hong Kong,67,2.31
47.243.206.150,2053,2053,true,HKG,Asia Pacific,Hong Kong,74,2.30
8.210.43.213,2053,2053,true,HKG,Asia Pacific,Hong Kong,42,2.29
8.219.240.160,2087,2087,true,SIN,Asia Pacific,Singapore,37,2.29
47.250.36.83,80,443,true,SIN,Asia Pacific,Singapore,57,2.28
8.219.11.158,2087,2087,true,SIN,Asia Pacific,Singapore,74,2.28
8.210.3.24,2087,2087,true,HKG,Asia Pacific,Hong Kong,41,2.27
47.250.155.74,80,443,true,KUL,Asia Pacific,Kuala Lumpur,56,2.27
8.218.126.53,8443,8443,true,HKG,Asia Pacific,Hong Kong,61,2.26
47.237.94.140,2053,2053,true,SIN,Asia Pacific,Singapore,73,2.26
8.210.245.224,2096,2096,true,HKG,Asia Pacific,Hong Kong,37,2.25
8.218.188.129,2087,2087,true,HKG,Asia Pacific,Hong Kong,64,2.24
8.217.91.121,8443,8443,true,HKG,Asia Pacific,Hong Kong,60,2.24
8.219.174.213,2096,2096,true,SIN,Asia Pacific,Singapore,57,2.23
8.217.250.222,8443,8443,true,HKG,Asia Pacific,Hong Kong,95,2.23
47.242.232.14,2053,2053,true,HKG,Asia Pacific,Hong Kong,106,2.23
47.238.6.102,2083,2083,true,HKG,Asia Pacific,Hong Kong,64,2.23
8.217.193.25,2096,2096,true,HKG,Asia Pacific,Hong Kong,77,2.21
8.218.142.253,2053,2053,true,HKG,Asia Pacific,Hong Kong,71,2.20
8.210.9.129,8443,8443,true,HKG,Asia Pacific,Hong Kong,37,2.20
47.238.40.58,8443,8443,true,HKG,Asia Pacific,Hong Kong,64,2.19
47.237.10.1,8443,8443,true,SIN,Asia Pacific,Singapore,28,2.18
8.218.204.128,2083,2083,true,HKG,Asia Pacific,Hong Kong,65,2.17
47.243.139.243,8443,8443,true,HKG,Asia Pacific,Hong Kong,65,2.16
47.236.125.62,2096,2096,true,NRT,Asia Pacific,Tokyo,164,2.16
47.243.42.219,2053,2053,true,HKG,Asia Pacific,Hong Kong,84,2.14
47.242.125.241,2096,2096,true,HKG,Asia Pacific,Hong Kong,82,2.11
47.238.40.58,2053,2053,true,HKG,Asia Pacific,Hong Kong,57,2.10
47.243.51.171,2053,2053,true,HKG,Asia Pacific,Hong Kong,118,2.08
47.242.119.104,2096,2096,true,HKG,Asia Pacific,Hong Kong,58,2.08
47.237.82.15,2083,2083,true,SIN,Asia Pacific,Singapore,129,2.07
47.243.90.180,2087,2087,true,HKG,Asia Pacific,Hong Kong,100,2.07
8.219.210.57,2053,2053,true,SIN,Asia Pacific,Singapore,46,2.07
47.76.146.1,2053,2053,true,HKG,Asia Pacific,Hong Kong,98,2.04
8.217.72.0,2083,2083,true,HKG,Asia Pacific,Hong Kong,63,2.01
47.243.186.171,2053,2053,true,HKG,Asia Pacific,Hong Kong,70,2.00
47.242.174.27,8443,8443,true,HKG,Asia Pacific,Hong Kong,93,1.99
8.217.193.25,2087,2087,true,HKG,Asia Pacific,Hong Kong,61,1.97
8.219.174.213,2087,2087,true,SIN,Asia Pacific,Singapore,73,1.97
47.76.32.108,2087,2087,true,HKG,Asia Pacific,Hong Kong,53,1.94
47.242.7.162,2053,2053,true,HKG,Asia Pacific,Hong Kong,88,1.94
47.242.107.109,2087,2087,true,HKG,Asia Pacific,Hong Kong,52,1.94
8.217.250.222,2096,2096,true,HKG,Asia Pacific,Hong Kong,85,1.93
47.238.131.39,443,443,true,HKG,Asia Pacific,Hong Kong,50,1.93
47.250.150.193,80,443,true,KUL,Asia Pacific,Kuala Lumpur,78,1.93
47.238.131.39,443,443,true,HKG,Asia Pacific,Hong Kong,77,1.90
47.76.204.76,2096,2096,true,HKG,Asia Pacific,Hong Kong,63,1.89
47.243.42.219,2096,2096,true,HKG,Asia Pacific,Hong Kong,64,1.89
47.250.147.84,80,443,true,KUL,Asia Pacific,Kuala Lumpur,70,1.85
47.76.49.246,2096,2096,true,HKG,Asia Pacific,Hong Kong,50,1.85
8.219.201.8,2096,2096,true,SIN,Asia Pacific,Singapore,48,1.84
47.243.90.180,2096,2096,true,HKG,Asia Pacific,Hong Kong,80,1.84
47.237.95.146,2096,2096,true,SIN,Asia Pacific,Singapore,70,1.83
47.250.176.132,80,443,true,SIN,Asia Pacific,Singapore,34,1.83
8.222.162.45,2087,2087,true,SIN,Asia Pacific,Singapore,29,1.82
8.218.174.118,2053,2053,true,HKG,Asia Pacific,Hong Kong,61,1.81
47.243.173.187,2087,2087,true,HKG,Asia Pacific,Hong Kong,89,1.81
47.238.131.39,2087,2087,true,HKG,Asia Pacific,Hong Kong,61,1.81
8.217.159.210,2083,2083,true,HKG,Asia Pacific,Hong Kong,105,1.79
8.218.136.25,2087,2087,true,HKG,Asia Pacific,Hong Kong,49,1.78
8.218.228.152,2083,2083,true,HKG,Asia Pacific,Hong Kong,74,1.78
47.242.176.237,2083,2083,true,HKG,Asia Pacific,Hong Kong,82,1.78
47.243.67.28,8443,8443,true,HKG,Asia Pacific,Hong Kong,128,1.77
8.210.21.65,2087,2087,true,HKG,Asia Pacific,Hong Kong,41,1.76
8.219.6.150,2083,2083,true,SIN,Asia Pacific,Singapore,55,1.74
47.250.157.10,80,443,true,SIN,Asia Pacific,Singapore,48,1.72
47.236.146.249,2087,2087,true,SIN,Asia Pacific,Singapore,62,1.72
47.242.119.104,2083,2083,true,HKG,Asia Pacific,Hong Kong,80,1.71
8.218.11.90,2096,2096,true,HKG,Asia Pacific,Hong Kong,101,1.71
47.242.183.7,2053,2053,true,HKG,Asia Pacific,Hong Kong,46,1.69
47.237.121.38,2053,2053,true,SIN,Asia Pacific,Singapore,74,1.69
47.250.176.68,80,443,true,SIN,Asia Pacific,Singapore,30,1.69
8.210.34.188,2087,2087,true,HKG,Asia Pacific,Hong Kong,79,1.67
47.250.12.116,80,443,true,KUL,Asia Pacific,Kuala Lumpur,46,1.66
47.242.176.237,8443,8443,true,HKG,Asia Pacific,Hong Kong,87,1.64
47.76.189.102,2096,2096,true,HKG,Asia Pacific,Hong Kong,63,1.64
8.217.193.25,2083,2083,true,HKG,Asia Pacific,Hong Kong,69,1.64
8.222.208.38,2083,2083,true,SIN,Asia Pacific,Singapore,34,1.64
8.218.3.198,2083,2083,true,HKG,Asia Pacific,Hong Kong,77,1.62
47.242.202.230,2083,2083,true,HKG,Asia Pacific,Hong Kong,46,1.62
47.238.35.50,2087,2087,true,HKG,Asia Pacific,Hong Kong,88,1.61
8.218.243.95,8443,8443,true,HKG,Asia Pacific,Hong Kong,113,1.61
8.217.50.252,2083,2083,true,HKG,Asia Pacific,Hong Kong,55,1.61
47.236.125.62,2053,2053,true,NRT,Asia Pacific,Tokyo,176,1.60
8.218.188.129,8443,8443,true,HKG,Asia Pacific,Hong Kong,37,1.60
47.242.234.127,2087,2087,true,HKG,Asia Pacific,Hong Kong,46,1.58
47.250.176.199,80,443,true,SIN,Asia Pacific,Singapore,101,1.58
47.76.218.163,443,443,true,HKG,Asia Pacific,Hong Kong,41,1.58
8.217.159.210,2053,2053,true,HKG,Asia Pacific,Hong Kong,83,1.57
8.219.153.237,2083,2083,true,NRT,Asia Pacific,Tokyo,159,1.57
47.76.178.146,2083,2083,true,HKG,Asia Pacific,Hong Kong,46,1.55
8.218.173.78,2087,2087,true,HKG,Asia Pacific,Hong Kong,57,1.54
47.250.176.68,80,443,true,SIN,Asia Pacific,Singapore,56,1.54
47.242.252.237,2053,2053,true,HKG,Asia Pacific,Hong Kong,98,1.52
47.242.107.109,8443,8443,true,HKG,Asia Pacific,Hong Kong,76,1.51
47.250.44.26,80,443,true,SIN,Asia Pacific,Singapore,48,1.50
47.243.70.186,2096,2096,true,HKG,Asia Pacific,Hong Kong,50,1.50
8.219.66.156,2096,2096,true,NRT,Asia Pacific,Tokyo,186,1.49
47.238.35.50,8443,8443,true,HKG,Asia Pacific,Hong Kong,155,1.49
8.222.181.117,2096,2096,true,SIN,Asia Pacific,Singapore,110,1.49
47.250.157.19,80,443,true,SIN,Asia Pacific,Singapore,26,1.49
47.250.147.26,80,443,true,SIN,Asia Pacific,Singapore,53,1.49
47.250.153.55,80,443,true,SIN,Asia Pacific,Singapore,41,1.49
47.250.155.240,80,443,true,SIN,Asia Pacific,Singapore,59,1.47
8.219.66.156,2053,2053,true,NRT,Asia Pacific,Tokyo,148,1.46
8.218.136.25,2096,2096,true,HKG,Asia Pacific,Hong Kong,74,1.45
47.243.203.119,8443,8443,true,HKG,Asia Pacific,Hong Kong,43,1.44
47.243.51.171,8443,8443,true,HKG,Asia Pacific,Hong Kong,109,1.44
47.236.117.48,2087,2087,true,SIN,Asia Pacific,Singapore,69,1.44
47.250.36.83,80,443,true,SIN,Asia Pacific,Singapore,76,1.44
8.218.173.78,2083,2083,true,HKG,Asia Pacific,Hong Kong,52,1.43
47.242.202.230,443,443,true,HKG,Asia Pacific,Hong Kong,121,1.43
47.250.36.113,80,443,true,SIN,Asia Pacific,Singapore,40,1.42
47.250.149.42,80,443,true,SIN,Asia Pacific,Singapore,51,1.42
47.242.157.96,2053,2053,true,HKG,Asia Pacific,Hong Kong,90,1.42
47.250.48.185,80,443,true,SIN,Asia Pacific,Singapore,85,1.40
8.218.155.238,2083,2083,true,HKG,Asia Pacific,Hong Kong,79,1.40
47.250.176.132,80,443,true,SIN,Asia Pacific,Singapore,28,1.39
47.250.176.160,80,443,true,SIN,Asia Pacific,Singapore,59,1.39
8.218.243.95,2087,2087,true,HKG,Asia Pacific,Hong Kong,60,1.38
8.217.193.25,8443,8443,true,HKG,Asia Pacific,Hong Kong,70,1.38
47.250.157.19,80,443,true,SIN,Asia Pacific,Singapore,57,1.38
47.236.149.107,2083,2083,true,SIN,Asia Pacific,Singapore,66,1.37
47.250.152.116,80,443,true,SIN,Asia Pacific,Singapore,40,1.36
47.243.206.150,8443,8443,true,HKG,Asia Pacific,Hong Kong,60,1.36
47.250.159.36,80,443,true,SIN,Asia Pacific,Singapore,22,1.36
47.242.79.71,8443,8443,true,HKG,Asia Pacific,Hong Kong,60,1.35
47.250.50.53,80,443,true,SIN,Asia Pacific,Singapore,41,1.35
47.250.147.84,80,443,true,KUL,Asia Pacific,Kuala Lumpur,31,1.35
47.250.48.185,80,443,true,SIN,Asia Pacific,Singapore,49,1.35
8.217.248.220,2096,2096,true,HKG,Asia Pacific,Hong Kong,91,1.34
47.76.80.72,2053,2053,true,HKG,Asia Pacific,Hong Kong,49,1.34
47.250.155.143,80,443,true,SIN,Asia Pacific,Singapore,75,1.33
8.217.154.218,2087,2087,true,HKG,Asia Pacific,Hong Kong,70,1.33
47.250.159.165,80,443,true,SIN,Asia Pacific,Singapore,54,1.32
47.243.42.219,8443,8443,true,HKG,Asia Pacific,Hong Kong,129,1.32
8.219.201.8,2083,2083,true,SIN,Asia Pacific,Singapore,56,1.32
47.250.152.116,80,443,true,SIN,Asia Pacific,Singapore,69,1.31
47.250.57.45,80,443,true,KUL,Asia Pacific,Kuala Lumpur,59,1.29
47.250.153.55,80,443,true,SIN,Asia Pacific,Singapore,82,1.29
47.236.22.124,443,443,true,SIN,Asia Pacific,Singapore,36,1.28
47.250.176.160,80,443,true,KUL,Asia Pacific,Kuala Lumpur,45,1.27
47.242.157.96,2053,2053,true,HKG,Asia Pacific,Hong Kong,46,1.25
47.243.234.9,2053,2053,true,HKG,Asia Pacific,Hong Kong,49,1.24
8.218.81.14,2083,2083,true,HKG,Asia Pacific,Hong Kong,69,1.21
8.217.251.62,8443,8443,true,HKG,Asia Pacific,Hong Kong,103,1.21
8.218.201.73,2087,2087,true,HKG,Asia Pacific,Hong Kong,64,1.21
47.250.159.165,80,443,true,SIN,Asia Pacific,Singapore,49,1.20
8.218.8.142,2096,2096,true,HKG,Asia Pacific,Hong Kong,45,1.20
47.76.255.235,80,443,true,SIN,Asia Pacific,Singapore,65,1.18
47.243.86.79,8443,8443,true,HKG,Asia Pacific,Hong Kong,69,1.17
8.222.208.38,2053,2053,true,SIN,Asia Pacific,Singapore,75,1.16
47.250.149.42,80,443,true,SIN,Asia Pacific,Singapore,78,1.16
8.217.159.210,2087,2087,true,HKG,Asia Pacific,Hong Kong,86,1.15
47.250.157.38,80,443,true,KUL,Asia Pacific,Kuala Lumpur,36,1.13
47.250.176.199,80,443,true,SIN,Asia Pacific,Singapore,37,1.12
47.236.189.92,2096,2096,true,SIN,Asia Pacific,Singapore,98,1.11
47.250.150.193,80,443,true,KUL,Asia Pacific,Kuala Lumpur,54,1.10
47.250.155.74,80,443,true,SIN,Asia Pacific,Singapore,43,1.10
47.250.147.26,80,443,true,SIN,Asia Pacific,Singapore,27,1.09
47.250.157.10,80,443,true,SIN,Asia Pacific,Singapore,34,1.08
47.250.155.143,80,443,true,SIN,Asia Pacific,Singapore,31,1.07
47.242.125.241,2096,2096,true,HKG,Asia Pacific,Hong Kong,70,1.05
8.219.66.156,2087,2087,true,NRT,Asia Pacific,Tokyo,178,1.01
47.236.17.193,8443,8443,true,SIN,Asia Pacific,Singapore,45,1.00
8.218.173.78,2083,2083,true,HKG,Asia Pacific,Hong Kong,70,0.99
47.250.155.240,80,443,true,SIN,Asia Pacific,Singapore,22,0.99
47.242.252.237,2083,2083,true,HKG,Asia Pacific,Hong Kong,75,0.99
47.243.42.219,2087,2087,true,HKG,Asia Pacific,Hong Kong,93,0.97
47.243.186.171,8443,8443,true,HKG,Asia Pacific,Hong Kong,97,0.96
47.236.180.51,2096,2096,true,SIN,Asia Pacific,Singapore,51,0.96
47.242.157.96,2096,2096,true,HKG,Asia Pacific,Hong Kong,72,0.92
47.243.42.155,2096,2096,true,HKG,Asia Pacific,Hong Kong,66,0.92
47.243.67.28,2087,2087,true,HKG,Asia Pacific,Hong Kong,110,0.90
47.250.36.113,80,443,true,SIN,Asia Pacific,Singapore,30,0.90
47.57.13.107,443,443,true,HKG,Asia Pacific,Hong Kong,54,0.89
47.242.232.14,2083,2083,true,HKG,Asia Pacific,Hong Kong,60,0.88
8.210.42.171,2096,2096,true,HKG,Asia Pacific,Hong Kong,53,0.88
47.76.32.108,8443,8443,true,HKG,Asia Pacific,Hong Kong,67,0.87
8.210.42.171,2083,2083,true,HKG,Asia Pacific,Hong Kong,47,0.81
8.218.155.238,2053,2053,true,HKG,Asia Pacific,Hong Kong,53,0.78
47.250.44.26,80,443,true,SIN,Asia Pacific,Singapore,22,0.77
8.219.66.156,8443,8443,true,NRT,Asia Pacific,Tokyo,177,0.75
47.76.146.1,2087,2087,true,HKG,Asia Pacific,Hong Kong,103,0.71
47.243.5.154,8443,8443,true,HKG,Asia Pacific,Hong Kong,64,0.71
47.236.165.25,2053,2053,true,SIN,Asia Pacific,Singapore,88,0.69
47.76.214.139,8443,8443,true,HKG,Asia Pacific,Hong Kong,51,0.67
47.76.146.1,2083,2083,true,HKG,Asia Pacific,Hong Kong,84,0.66
47.76.214.139,2087,2087,true,HKG,Asia Pacific,Hong Kong,45,0.62
8.218.136.25,8443,8443,true,HKG,Asia Pacific,Hong Kong,63,0.61
8.219.66.156,2083,2083,true,NRT,Asia Pacific,Tokyo,136,0.59
47.236.202.91,2053,2053,true,SIN,Asia Pacific,Singapore,84,0.57
47.76.204.76,2096,2096,true,HKG,Asia Pacific,Hong Kong,40,0.50
47.242.174.27,2087,2087,true,HKG,Asia Pacific,Hong Kong,69,0.50
47.57.13.107,443,443,true,HKG,Asia Pacific,Hong Kong,78,0.49
47.76.178.146,2087,2087,true,HKG,Asia Pacific,Hong Kong,70,0.46
47.76.178.146,2053,2053,true,HKG,Asia Pacific,Hong Kong,78,0.41
149.129.8.215,443,443,true,SJC,North America,San Jose,98,0.41
47.76.214.139,2053,2053,true,HKG,Asia Pacific,Hong Kong,42,0.36
149.129.8.215,443,443,true,SJC,North America,San Jose,133,0.35
47.57.233.126,443,443,true,SJC,North America,San Jose,87,0.33
47.57.233.126,443,443,true,SJC,North America,San Jose,201,0.31
47.76.204.76,8443,8443,true,HKG,Asia Pacific,Hong Kong,42,0.30
47.76.214.139,2053,2053,true,HKG,Asia Pacific,Hong Kong,95,0.27
47.76.192.24,2087,2087,true,HKG,Asia Pacific,Hong Kong,34,0.26
47.89.244.253,443,443,true,SJC,North America,San Jose,177,0.24
47.76.49.246,2053,2053,true,HKG,Asia Pacific,Hong Kong,36,0.22
8.222.214.231,2083,2083,true,SIN,Asia Pacific,Singapore,72,0.20
8.219.240.160,2083,2083,true,SIN,Asia Pacific,Singapore,35,0.20
149.129.8.215,443,443,true,SJC,North America,San Jose,112,0.19
47.76.192.24,2096,2096,true,HKG,Asia Pacific,Hong Kong,66,0.19
47.76.192.24,2053,2053,true,HKG,Asia Pacific,Hong Kong,83,0.19
47.76.192.24,2083,2083,true,HKG,Asia Pacific,Hong Kong,109,0.15
8.219.240.160,443,443,true,SIN,Asia Pacific,Singapore,58,0.14
47.254.65.110,443,443,true,SJC,North America,San Jose,165,0.13
47.57.14.118,443,443,true,SJC,North America,San Jose,76,0.12
8.222.214.231,2053,2053,true,SIN,Asia Pacific,Singapore,119,0.12
8.218.63.172,443,443,true,HKG,Asia Pacific,Hong Kong,44,0.12
47.57.14.118,443,443,true,SJC,North America,San Jose,79,0.12
47.243.42.219,2083,2083,true,HKG,Asia Pacific,Hong Kong,74,0.12
8.218.228.152,2053,2053,true,HKG,Asia Pacific,Hong Kong,85,0.10
47.76.192.24,2083,2083,true,HKG,Asia Pacific,Hong Kong,48,0.09
47.76.192.24,8443,8443,true,HKG,Asia Pacific,Hong Kong,62,0.07
47.57.245.232,443,443,true,SJC,North America,San Jose,48,0.07
47.76.178.146,2053,2053,true,HKG,Asia Pacific,Hong Kong,39,0.06
47.236.180.51,2053,2053,true,SIN,Asia Pacific,Singapore,121,0.06
47.76.192.24,2053,2053,true,HKG,Asia Pacific,Hong Kong,75,0.06
8.218.148.106,443,443,true,HKG,Asia Pacific,Hong Kong,35,0.05
8.218.143.10,8443,8443,true,HKG,Asia Pacific,Hong Kong,69,0.03
47.76.214.139,2083,2083,true,HKG,Asia Pacific,Hong Kong,82,0.03
8.210.92.27,443,443,true,HKG,Asia Pacific,Hong Kong,41,0.01
47.76.32.108,2053,2053,true,HKG,Asia Pacific,Hong Kong,40,0.00
8.219.240.160,2053,2053,true,SIN,Asia Pacific,Singapore,66,0.00
8.219.84.214,443,443,true,SIN,Asia Pacific,Singapore,2,0.00
8.219.83.201,8443,8443,true,SIN,Asia Pacific,Singapore,2,0.00
8.219.93.5,2083,2083,true,SIN,Asia Pacific,Singapore,2,0.00
8.219.83.201,2083,2083,true,SIN,Asia Pacific,Singapore,2,0.00
8.219.139.13,2082,2082,false,SIN,Asia Pacific,Singapore,3,0.00
8.219.4.122,2052,2052,false,SIN,Asia Pacific,Singapore,3,0.00
8.219.113.232,2083,2083,true,SIN,Asia Pacific,Singapore,3,0.00
47.237.94.140,2052,2052,false,SIN,Asia Pacific,Singapore,3,0.00
8.219.87.30,8080,8080,false,SIN,Asia Pacific,Singapore,3,0.00
8.219.87.30,8443,8443,true,SIN,Asia Pacific,Singapore,3,0.00
8.219.4.122,2086,2086,false,SIN,Asia Pacific,Singapore,3,0.00
8.219.104.37,2083,2083,true,SIN,Asia Pacific,Singapore,3,0.00
8.219.201.8,80,80,false,SIN,Asia Pacific,Singapore,3,0.00
8.219.201.8,2086,2086,false,SIN,Asia Pacific,Singapore,4,0.00
8.219.132.64,8443,8443,true,SIN,Asia Pacific,Singapore,4,0.00
8.219.11.158,2082,2082,false,SIN,Asia Pacific,Singapore,4,0.00
8.219.0.162,8080,8080,false,SIN,Asia Pacific,Singapore,4,0.00
8.219.1.92,80,80,false,SIN,Asia Pacific,Singapore,4,0.00
8.219.1.92,2095,2095,false,SIN,Asia Pacific,Singapore,4,0.00
47.236.237.90,80,80,false,SIN,Asia Pacific,Singapore,4,0.00
47.237.10.1,2086,2086,false,SIN,Asia Pacific,Singapore,4,0.00
47.237.0.31,2086,2086,false,SIN,Asia Pacific,Singapore,4,0.00
8.219.177.205,80,80,false,SIN,Asia Pacific,Singapore,4,0.00
8.219.100.168,2095,2095,false,SIN,Asia Pacific,Singapore,4,0.00
47.245.126.151,2082,2082,false,SIN,Asia Pacific,Singapore,4,0.00
8.219.98.13,2083,2083,true,SIN,Asia Pacific,Singapore,4,0.00
8.219.142.191,2095,2095,false,SIN,Asia Pacific,Singapore,5,0.00
8.219.122.55,8080,8080,false,SIN,Asia Pacific,Singapore,5,0.00
8.219.120.87,80,80,false,SIN,Asia Pacific,Singapore,5,0.00
8.219.0.48,8880,8880,false,SIN,Asia Pacific,Singapore,5,0.00
47.237.11.182,8880,8880,false,SIN,Asia Pacific,Singapore,5,0.00
47.236.253.41,2086,2086,false,SIN,Asia Pacific,Singapore,5,0.00
8.219.120.87,2082,2082,false,SIN,Asia Pacific,Singapore,5,0.00
47.245.126.151,8080,8080,false,SIN,Asia Pacific,Singapore,5,0.00
47.245.126.151,8880,8880,false,SIN,Asia Pacific,Singapore,5,0.00
8.219.201.245,2082,2082,false,SIN,Asia Pacific,Singapore,5,0.00
8.219.84.214,2083,2083,true,SIN,Asia Pacific,Singapore,5,0.00
8.219.1.92,8080,8080,false,SIN,Asia Pacific,Singapore,5,0.00
8.219.248.47,2052,2052,false,SIN,Asia Pacific,Singapore,5,0.00
8.219.0.162,8880,8880,false,SIN,Asia Pacific,Singapore,5,0.00
8.219.201.8,2052,2052,false,SIN,Asia Pacific,Singapore,5,0.00
47.236.205.188,8880,8880,false,SIN,Asia Pacific,Singapore,6,0.00
47.236.166.131,8080,8080,false,SIN,Asia Pacific,Singapore,6,0.00
47.237.8.82,2095,2095,false,SIN,Asia Pacific,Singapore,6,0.00
8.219.83.71,2087,2087,true,SIN,Asia Pacific,Singapore,6,0.00
47.236.174.206,8880,8880,false,SIN,Asia Pacific,Singapore,6,0.00
8.219.163.195,2052,2052,false,SIN,Asia Pacific,Singapore,6,0.00
8.222.191.138,2095,2095,false,SIN,Asia Pacific,Singapore,6,0.00
47.236.168.17,80,80,false,SIN,Asia Pacific,Singapore,6,0.00
47.236.165.25,8880,8880,false,SIN,Asia Pacific,Singapore,6,0.00
47.237.8.82,8880,8880,false,SIN,Asia Pacific,Singapore,6,0.00
47.236.172.71,2086,2086,false,SIN,Asia Pacific,Singapore,6,0.00
47.237.84.173,8880,8880,false,SIN,Asia Pacific,Singapore,6,0.00
47.236.164.215,2095,2095,false,SIN,Asia Pacific,Singapore,6,0.00
47.236.180.24,8080,8080,false,SIN,Asia Pacific,Singapore,6,0.00
47.236.180.24,2086,2086,false,SIN,Asia Pacific,Singapore,6,0.00
8.219.210.64,80,80,false,SIN,Asia Pacific,Singapore,6,0.00
47.237.14.220,8880,8880,false,SIN,Asia Pacific,Singapore,6,0.00
47.237.10.1,8880,8880,false,SIN,Asia Pacific,Singapore,6,0.00
8.222.249.190,2086,2086,false,SIN,Asia Pacific,Singapore,6,0.00
47.236.169.164,80,80,false,SIN,Asia Pacific,Singapore,6,0.00
47.237.10.1,8080,8080,false,SIN,Asia Pacific,Singapore,6,0.00
8.219.147.58,2095,2095,false,SIN,Asia Pacific,Singapore,6,0.00
8.219.210.57,2052,2052,false,SIN,Asia Pacific,Singapore,6,0.00
8.219.191.110,2052,2052,false,SIN,Asia Pacific,Singapore,6,0.00
8.219.0.48,8080,8080,false,SIN,Asia Pacific,Singapore,6,0.00
47.236.205.188,80,80,false,SIN,Asia Pacific,Singapore,7,0.00
8.219.248.47,2082,2082,false,SIN,Asia Pacific,Singapore,7,0.00
8.219.210.57,8080,8080,false,SIN,Asia Pacific,Singapore,7,0.00
47.237.0.31,2095,2095,false,SIN,Asia Pacific,Singapore,7,0.00
8.222.237.131,8880,8880,false,SIN,Asia Pacific,Singapore,7,0.00
47.236.254.120,2086,2086,false,SIN,Asia Pacific,Singapore,7,0.00
47.236.171.205,80,80,false,SIN,Asia Pacific,Singapore,7,0.00
47.236.254.120,2082,2082,false,SIN,Asia Pacific,Singapore,7,0.00
47.237.14.220,2086,2086,false,SIN,Asia Pacific,Singapore,7,0.00
47.245.126.151,2052,2052,false,SIN,Asia Pacific,Singapore,7,0.00
8.219.174.213,8080,8080,false,SIN,Asia Pacific,Singapore,7,0.00
8.219.209.14,2095,2095,false,SIN,Asia Pacific,Singapore,7,0.00
8.219.240.160,2086,2086,false,SIN,Asia Pacific,Singapore,7,0.00
47.236.170.225,8880,8880,false,SIN,Asia Pacific,Singapore,7,0.00
47.236.172.71,8880,8880,false,SIN,Asia Pacific,Singapore,7,0.00
47.236.170.225,2095,2095,false,SIN,Asia Pacific,Singapore,7,0.00
8.222.136.247,2095,2095,false,SIN,Asia Pacific,Singapore,7,0.00
8.219.189.143,2082,2082,false,SIN,Asia Pacific,Singapore,7,0.00
47.236.165.25,2052,2052,false,SIN,Asia Pacific,Singapore,7,0.00
47.236.75.152,2082,2082,false,SIN,Asia Pacific,Singapore,7,0.00
47.237.11.182,2095,2095,false,SIN,Asia Pacific,Singapore,7,0.00
47.237.95.156,8880,8880,false,SIN,Asia Pacific,Singapore,8,0.00
47.236.232.148,8080,8080,false,SIN,Asia Pacific,Singapore,8,0.00
8.219.237.250,8080,8080,false,SIN,Asia Pacific,Singapore,8,0.00
8.219.11.158,8880,8880,false,SIN,Asia Pacific,Singapore,8,0.00
8.219.194.170,2052,2052,false,SIN,Asia Pacific,Singapore,8,0.00
8.219.177.205,2095,2095,false,SIN,Asia Pacific,Singapore,8,0.00
47.236.169.141,80,80,false,SIN,Asia Pacific,Singapore,8,0.00
47.237.83.20,2095,2095,false,SIN,Asia Pacific,Singapore,8,0.00
47.236.75.113,2095,2095,false,SIN,Asia Pacific,Singapore,8,0.00
47.237.94.140,2095,2095,false,SIN,Asia Pacific,Singapore,8,0.00
8.219.87.30,8880,8880,false,SIN,Asia Pacific,Singapore,8,0.00
8.222.146.222,2052,2052,false,SIN,Asia Pacific,Singapore,8,0.00
8.219.199.220,2086,2086,false,SIN,Asia Pacific,Singapore,8,0.00
8.219.0.162,80,80,false,SIN,Asia Pacific,Singapore,8,0.00
47.236.164.215,2052,2052,false,SIN,Asia Pacific,Singapore,8,0.00
8.219.0.162,80,80,false,SIN,Asia Pacific,Singapore,8,0.00
8.219.201.8,2095,2095,false,SIN,Asia Pacific,Singapore,8,0.00
47.236.102.102,80,80,false,SIN,Asia Pacific,Singapore,8,0.00
8.219.209.14,8080,8080,false,SIN,Asia Pacific,Singapore,8,0.00
8.219.229.190,2095,2095,false,SIN,Asia Pacific,Singapore,8,0.00
8.219.222.98,2052,2052,false,SIN,Asia Pacific,Singapore,8,0.00
47.237.11.182,8080,8080,false,SIN,Asia Pacific,Singapore,8,0.00
8.219.198.34,80,80,false,SIN,Asia Pacific,Singapore,8,0.00
8.222.184.198,2086,2086,false,SIN,Asia Pacific,Singapore,8,0.00
47.237.95.13,8080,8080,false,SIN,Asia Pacific,Singapore,8,0.00
8.219.194.170,8880,8880,false,SIN,Asia Pacific,Singapore,9,0.00
47.236.170.54,8880,8880,false,SIN,Asia Pacific,Singapore,9,0.00
47.236.189.92,2095,2095,false,SIN,Asia Pacific,Singapore,9,0.00
8.219.163.195,8880,8880,false,SIN,Asia Pacific,Singapore,9,0.00
8.219.60.54,2082,2082,false,SIN,Asia Pacific,Singapore,9,0.00
8.219.170.232,2086,2086,false,SIN,Asia Pacific,Singapore,9,0.00
8.219.0.162,2052,2052,false,SIN,Asia Pacific,Singapore,9,0.00
47.236.172.95,2086,2086,false,SIN,Asia Pacific,Singapore,9,0.00
8.219.201.8,2082,2082,false,SIN,Asia Pacific,Singapore,9,0.00
8.219.11.158,2086,2086,false,SIN,Asia Pacific,Singapore,9,0.00
47.236.172.71,2086,2086,false,SIN,Asia Pacific,Singapore,9,0.00
47.236.237.90,2052,2052,false,SIN,Asia Pacific,Singapore,9,0.00
47.237.8.82,2082,2082,false,SIN,Asia Pacific,Singapore,9,0.00
47.236.150.13,2095,2095,false,SIN,Asia Pacific,Singapore,9,0.00
8.222.144.50,8880,8880,false,SIN,Asia Pacific,Singapore,9,0.00
8.219.209.14,2052,2052,false,SIN,Asia Pacific,Singapore,9,0.00
8.222.160.176,8080,8080,false,SIN,Asia Pacific,Singapore,9,0.00
8.219.107.135,8880,8880,false,SIN,Asia Pacific,Singapore,9,0.00
8.222.215.228,8880,8880,false,SIN,Asia Pacific,Singapore,9,0.00
8.219.202.130,2086,2086,false,SIN,Asia Pacific,Singapore,9,0.00
47.236.189.92,2086,2086,false,SIN,Asia Pacific,Singapore,9,0.00
47.236.180.51,2052,2052,false,SIN,Asia Pacific,Singapore,9,0.00
8.219.50.180,2082,2082,false,SIN,Asia Pacific,Singapore,9,0.00
47.236.170.225,80,80,false,SIN,Asia Pacific,Singapore,9,0.00
47.236.165.25,8080,8080,false,SIN,Asia Pacific,Singapore,9,0.00
8.219.51.211,2086,2086,false,SIN,Asia Pacific,Singapore,9,0.00
47.237.14.220,2052,2052,false,SIN,Asia Pacific,Singapore,9,0.00
47.237.95.13,2095,2095,false,SIN,Asia Pacific,Singapore,9,0.00
47.236.80.110,8880,8880,false,SIN,Asia Pacific,Singapore,9,0.00
47.236.165.25,2095,2095,false,SIN,Asia Pacific,Singapore,9,0.00
47.237.0.31,2082,2082,false,SIN,Asia Pacific,Singapore,9,0.00
47.237.14.220,2095,2095,false,SIN,Asia Pacific,Singapore,9,0.00
8.219.198.139,80,80,false,SIN,Asia Pacific,Singapore,10,0.00
8.219.120.87,8880,8880,false,SIN,Asia Pacific,Singapore,10,0.00
47.237.94.140,8880,8880,false,SIN,Asia Pacific,Singapore,10,0.00
47.236.174.206,2082,2082,false,SIN,Asia Pacific,Singapore,10,0.00
8.219.193.202,8880,8880,false,SIN,Asia Pacific,Singapore,10,0.00
8.219.191.110,2052,2052,false,SIN,Asia Pacific,Singapore,10,0.00
47.236.75.152,8880,8880,false,SIN,Asia Pacific,Singapore,10,0.00
47.245.126.151,80,80,false,SIN,Asia Pacific,Singapore,10,0.00
8.219.4.122,2095,2095,false,SIN,Asia Pacific,Singapore,10,0.00
8.219.104.37,2095,2095,false,SIN,Asia Pacific,Singapore,10,0.00
8.219.220.88,2095,2095,false,SIN,Asia Pacific,Singapore,10,0.00
47.236.146.249,8880,8880,false,SIN,Asia Pacific,Singapore,10,0.00
47.236.87.246,2095,2095,false,SIN,Asia Pacific,Singapore,10,0.00
47.236.174.206,8080,8080,false,SIN,Asia Pacific,Singapore,10,0.00
8.219.60.54,2052,2052,false,SIN,Asia Pacific,Singapore,10,0.00
47.236.253.41,80,80,false,SIN,Asia Pacific,Singapore,10,0.00
8.219.194.170,2082,2082,false,SIN,Asia Pacific,Singapore,10,0.00
8.219.200.145,80,80,false,SIN,Asia Pacific,Singapore,10,0.00
47.236.75.152,8880,8880,false,SIN,Asia Pacific,Singapore,10,0.00
8.219.189.143,2052,2052,false,SIN,Asia Pacific,Singapore,10,0.00
8.222.160.176,80,80,false,SIN,Asia Pacific,Singapore,10,0.00
47.236.180.51,8080,8080,false,SIN,Asia Pacific,Singapore,10,0.00
47.236.232.148,2082,2082,false,SIN,Asia Pacific,Singapore,10,0.00
8.219.11.158,80,80,false,SIN,Asia Pacific,Singapore,10,0.00
47.236.237.90,2095,2095,false,SIN,Asia Pacific,Singapore,10,0.00
47.236.205.188,2095,2095,false,SIN,Asia Pacific,Singapore,10,0.00
8.219.110.81,2083,2083,true,SIN,Asia Pacific,Singapore,10,0.00
8.219.198.34,8080,8080,false,SIN,Asia Pacific,Singapore,10,0.00
47.236.168.17,2052,2052,false,SIN,Asia Pacific,Singapore,10,0.00
8.219.222.98,2082,2082,false,SIN,Asia Pacific,Singapore,10,0.00
8.219.248.47,80,80,false,SIN,Asia Pacific,Singapore,10,0.00
8.219.50.180,8880,8880,false,SIN,Asia Pacific,Singapore,10,0.00
47.236.117.48,2095,2095,false,SIN,Asia Pacific,Singapore,10,0.00
8.219.210.64,2095,2095,false,SIN,Asia Pacific,Singapore,10,0.00
8.219.198.139,8880,8880,false,SIN,Asia Pacific,Singapore,10,0.00
8.219.174.213,2086,2086,false,SIN,Asia Pacific,Singapore,10,0.00
47.236.144.48,2082,2082,false,SIN,Asia Pacific,Singapore,10,0.00
8.222.191.138,2082,2082,false,SIN,Asia Pacific,Singapore,10,0.00
47.237.14.220,2052,2052,false,SIN,Asia Pacific,Singapore,10,0.00
8.219.209.14,2095,2095,false,SIN,Asia Pacific,Singapore,10,0.00
47.236.232.148,2086,2086,false,SIN,Asia Pacific,Singapore,10,0.00
8.219.111.175,8880,8880,false,SIN,Asia Pacific,Singapore,10,0.00
47.236.169.164,8880,8880,false,SIN,Asia Pacific,Singapore,10,0.00
8.222.180.86,8080,8080,false,SIN,Asia Pacific,Singapore,10,0.00
8.219.51.211,443,443,true,SIN,Asia Pacific,Singapore,11,0.00
47.236.189.92,80,80,false,SIN,Asia Pacific,Singapore,11,0.00
8.219.0.48,8080,8080,false,SIN,Asia Pacific,Singapore,11,0.00
8.219.170.232,8880,8880,false,SIN,Asia Pacific,Singapore,11,0.00
8.219.106.156,2095,2095,false,SIN,Asia Pacific,Singapore,11,0.00
8.219.170.232,80,80,false,SIN,Asia Pacific,Singapore,11,0.00
8.219.191.40,2095,2095,false,SIN,Asia Pacific,Singapore,11,0.00
8.219.120.87,8080,8080,false,SIN,Asia Pacific,Singapore,11,0.00
47.236.202.91,2082,2082,false,SIN,Asia Pacific,Singapore,11,0.00
47.236.145.85,2082,2082,false,SIN,Asia Pacific,Singapore,11,0.00
8.219.103.65,2095,2095,false,SIN,Asia Pacific,Singapore,11,0.00
8.219.174.142,2082,2082,false,SIN,Asia Pacific,Singapore,11,0.00
47.236.97.90,8080,8080,false,SIN,Asia Pacific,Singapore,11,0.00
47.236.144.196,8080,8080,false,SIN,Asia Pacific,Singapore,11,0.00
8.219.237.250,8080,8080,false,SIN,Asia Pacific,Singapore,11,0.00
8.222.244.192,8080,8080,false,SIN,Asia Pacific,Singapore,11,0.00
8.222.164.209,2082,2082,false,SIN,Asia Pacific,Singapore,11,0.00
8.222.164.209,8080,8080,false,SIN,Asia Pacific,Singapore,11,0.00
47.236.180.24,2052,2052,false,SIN,Asia Pacific,Singapore,11,0.00
8.219.201.245,2095,2095,false,SIN,Asia Pacific,Singapore,11,0.00
8.222.144.50,2052,2052,false,SIN,Asia Pacific,Singapore,11,0.00
47.236.150.13,2052,2052,false,SIN,Asia Pacific,Singapore,11,0.00
47.236.254.120,8080,8080,false,SIN,Asia Pacific,Singapore,11,0.00
8.219.200.145,2082,2082,false,SIN,Asia Pacific,Singapore,11,0.00
8.219.99.169,2095,2095,false,SIN,Asia Pacific,Singapore,11,0.00
8.219.104.37,2082,2082,false,SIN,Asia Pacific,Singapore,11,0.00
8.219.139.13,2082,2082,false,SIN,Asia Pacific,Singapore,11,0.00
47.237.10.1,80,80,false,SIN,Asia Pacific,Singapore,11,0.00
8.219.60.54,2086,2086,false,SIN,Asia Pacific,Singapore,11,0.00
8.219.209.14,8080,8080,false,SIN,Asia Pacific,Singapore,11,0.00
47.236.170.225,2052,2052,false,SIN,Asia Pacific,Singapore,11,0.00
47.237.10.1,2052,2052,false,SIN,Asia Pacific,Singapore,11,0.00
8.222.174.108,2082,2082,false,SIN,Asia Pacific,Singapore,11,0.00
8.219.83.201,2052,2052,false,SIN,Asia Pacific,Singapore,11,0.00
8.219.42.72,2052,2052,false,SIN,Asia Pacific,Singapore,11,0.00
8.219.202.130,8080,8080,false,SIN,Asia Pacific,Singapore,11,0.00
47.236.180.51,2082,2082,false,SIN,Asia Pacific,Singapore,11,0.00
8.219.77.222,8080,8080,false,SIN,Asia Pacific,Singapore,11,0.00
47.236.189.92,8880,8880,false,SIN,Asia Pacific,Singapore,11,0.00
8.219.11.158,8080,8080,false,SIN,Asia Pacific,Singapore,11,0.00
47.236.189.92,2082,2082,false,SIN,Asia Pacific,Singapore,11,0.00
47.236.166.131,8880,8880,false,SIN,Asia Pacific,Singapore,11,0.00
8.219.0.48,2086,2086,false,SIN,Asia Pacific,Singapore,11,0.00
8.219.174.142,2082,2082,false,SIN,Asia Pacific,Singapore,11,0.00
8.222.222.64,2052,2052,false,SIN,Asia Pacific,Singapore,12,0.00
8.222.180.86,80,80,false,SIN,Asia Pacific,Singapore,12,0.00
47.236.253.41,2052,2052,false,SIN,Asia Pacific,Singapore,12,0.00
47.236.149.107,8880,8880,false,SIN,Asia Pacific,Singapore,12,0.00
8.219.235.164,80,80,false,SIN,Asia Pacific,Singapore,12,0.00
8.219.124.227,2086,2086,false,SIN,Asia Pacific,Singapore,12,0.00
8.222.164.209,8880,8880,false,SIN,Asia Pacific,Singapore,12,0.00
8.219.104.37,2052,2052,false,SIN,Asia Pacific,Singapore,12,0.00
8.219.6.150,8880,8880,false,SIN,Asia Pacific,Singapore,12,0.00
47.236.174.206,2086,2086,false,SIN,Asia Pacific,Singapore,12,0.00
8.219.0.48,2095,2095,false,SIN,Asia Pacific,Singapore,12,0.00
8.219.114.201,8880,8880,false,SIN,Asia Pacific,Singapore,12,0.00
8.219.193.202,2052,2052,false,SIN,Asia Pacific,Singapore,12,0.00
47.236.170.54,2052,2052,false,SIN,Asia Pacific,Singapore,12,0.00
47.236.172.95,2082,2082,false,SIN,Asia Pacific,Singapore,12,0.00
47.236.144.196,80,80,false,SIN,Asia Pacific,Singapore,12,0.00
8.219.174.142,2052,2052,false,SIN,Asia Pacific,Singapore,12,0.00
8.219.87.30,2095,2095,false,SIN,Asia Pacific,Singapore,12,0.00
8.219.220.88,2095,2095,false,SIN,Asia Pacific,Singapore,12,0.00
47.236.254.120,2095,2095,false,SIN,Asia Pacific,Singapore,12,0.00
8.222.164.209,80,80,false,SIN,Asia Pacific,Singapore,12,0.00
47.236.167.231,2086,2086,false,SIN,Asia Pacific,Singapore,12,0.00
8.219.106.156,2052,2052,false,SIN,Asia Pacific,Singapore,12,0.00
8.219.202.130,80,80,false,SIN,Asia Pacific,Singapore,12,0.00
8.219.78.1,2086,2086,false,SIN,Asia Pacific,Singapore,12,0.00
47.236.168.17,8080,8080,false,SIN,Asia Pacific,Singapore,12,0.00
8.219.11.158,80,80,false,SIN,Asia Pacific,Singapore,12,0.00
47.237.81.112,80,80,false,SIN,Asia Pacific,Singapore,12,0.00
8.219.235.164,2082,2082,false,SIN,Asia Pacific,Singapore,12,0.00
47.236.168.17,2052,2052,false,SIN,Asia Pacific,Singapore,12,0.00
8.219.122.55,2086,2086,false,SIN,Asia Pacific,Singapore,12,0.00
47.237.95.140,8080,8080,false,SIN,Asia Pacific,Singapore,12,0.00
8.219.220.88,8080,8080,false,SIN,Asia Pacific,Singapore,12,0.00
47.237.8.82,80,80,false,SIN,Asia Pacific,Singapore,12,0.00
8.219.117.198,2082,2082,false,SIN,Asia Pacific,Singapore,12,0.00
47.236.232.148,2095,2095,false,SIN,Asia Pacific,Singapore,12,0.00
8.219.170.232,2082,2082,false,SIN,Asia Pacific,Singapore,12,0.00
8.219.5.10,2052,2052,false,SIN,Asia Pacific,Singapore,12,0.00
47.236.144.208,2095,2095,false,SIN,Asia Pacific,Singapore,12,0.00
8.219.0.48,2086,2086,false,SIN,Asia Pacific,Singapore,12,0.00
47.236.93.176,8080,8080,false,SIN,Asia Pacific,Singapore,12,0.00
47.236.144.196,2086,2086,false,SIN,Asia Pacific,Singapore,12,0.00
8.219.77.222,2095,2095,false,SIN,Asia Pacific,Singapore,12,0.00
47.236.168.17,2095,2095,false,SIN,Asia Pacific,Singapore,12,0.00
8.222.164.209,80,80,false,SIN,Asia Pacific,Singapore,12,0.00
8.219.98.13,2052,2052,false,SIN,Asia Pacific,Singapore,12,0.00
47.236.166.131,2086,2086,false,SIN,Asia Pacific,Singapore,13,0.00
47.236.144.208,8080,8080,false,SIN,Asia Pacific,Singapore,13,0.00
8.219.147.58,8080,8080,false,SIN,Asia Pacific,Singapore,13,0.00
8.219.111.147,80,80,false,SIN,Asia Pacific,Singapore,13,0.00
8.219.189.143,8080,8080,false,SIN,Asia Pacific,Singapore,13,0.00
8.222.134.170,2052,2052,false,SIN,Asia Pacific,Singapore,13,0.00
8.219.237.250,2086,2086,false,SIN,Asia Pacific,Singapore,13,0.00
47.245.118.70,2086,2086,false,SIN,Asia Pacific,Singapore,13,0.00
8.219.60.54,80,80,false,SIN,Asia Pacific,Singapore,13,0.00
8.219.198.34,2052,2052,false,SIN,Asia Pacific,Singapore,13,0.00
8.219.201.245,2052,2052,false,SIN,Asia Pacific,Singapore,13,0.00
8.222.146.222,2086,2086,false,SIN,Asia Pacific,Singapore,13,0.00
8.219.220.88,2086,2086,false,SIN,Asia Pacific,Singapore,13,0.00
47.236.144.196,2095,2095,false,SIN,Asia Pacific,Singapore,13,0.00
8.219.189.143,2086,2086,false,SIN,Asia Pacific,Singapore,13,0.00
47.237.10.1,2052,2052,false,SIN,Asia Pacific,Singapore,13,0.00
8.219.78.1,2082,2082,false,SIN,Asia Pacific,Singapore,13,0.00
47.236.75.113,2086,2086,false,SIN,Asia Pacific,Singapore,13,0.00
8.219.163.195,80,80,false,SIN,Asia Pacific,Singapore,13,0.00
47.237.11.182,2082,2082,false,SIN,Asia Pacific,Singapore,13,0.00
47.237.95.156,2052,2052,false,SIN,Asia Pacific,Singapore,13,0.00
47.237.14.220,2086,2086,false,SIN,Asia Pacific,Singapore,13,0.00
8.219.87.30,2086,2086,false,SIN,Asia Pacific,Singapore,13,0.00
47.245.126.151,2095,2095,false,SIN,Asia Pacific,Singapore,13,0.00
47.236.130.95,2086,2086,false,SIN,Asia Pacific,Singapore,13,0.00
8.219.99.169,8880,8880,false,SIN,Asia Pacific,Singapore,13,0.00
8.219.194.170,80,80,false,SIN,Asia Pacific,Singapore,13,0.00
8.219.78.188,2052,2052,false,SIN,Asia Pacific,Singapore,13,0.00
47.236.172.71,80,80,false,SIN,Asia Pacific,Singapore,13,0.00
47.236.172.95,80,80,false,SIN,Asia Pacific,Singapore,13,0.00
8.219.229.190,2086,2086,false,SIN,Asia Pacific,Singapore,13,0.00
8.219.4.122,80,80,false,SIN,Asia Pacific,Singapore,13,0.00
47.236.17.193,2086,2086,false,SIN,Asia Pacific,Singapore,13,0.00
47.236.169.164,2095,2095,false,SIN,Asia Pacific,Singapore,13,0.00
47.237.95.140,8880,8880,false,SIN,Asia Pacific,Singapore,13,0.00
47.236.150.13,2082,2082,false,SIN,Asia Pacific,Singapore,13,0.00
8.222.134.170,2082,2082,false,SIN,Asia Pacific,Singapore,13,0.00
8.219.1.92,2086,2086,false,SIN,Asia Pacific,Singapore,13,0.00
47.237.8.82,2082,2082,false,SIN,Asia Pacific,Singapore,13,0.00
8.219.97.50,2052,2052,false,SIN,Asia Pacific,Singapore,13,0.00
8.219.67.133,2086,2086,false,SIN,Asia Pacific,Singapore,13,0.00
8.219.174.213,8880,8880,false,SIN,Asia Pacific,Singapore,13,0.00
47.236.9.152,2095,2095,false,SIN,Asia Pacific,Singapore,13,0.00
47.236.87.246,2086,2086,false,SIN,Asia Pacific,Singapore,13,0.00
47.236.168.17,2095,2095,false,SIN,Asia Pacific,Singapore,13,0.00
8.219.237.250,2082,2082,false,SIN,Asia Pacific,Singapore,13,0.00
47.237.84.173,2082,2082,false,SIN,Asia Pacific,Singapore,13,0.00
8.219.193.202,2086,2086,false,SIN,Asia Pacific,Singapore,13,0.00
8.222.187.4,8880,8880,false,SIN,Asia Pacific,Singapore,13,0.00
8.219.209.14,2082,2082,false,SIN,Asia Pacific,Singapore,13,0.00
8.222.179.231,2086,2086,false,SIN,Asia Pacific,Singapore,13,0.00
8.219.248.47,2082,2082,false,SIN,Asia Pacific,Singapore,13,0.00
8.219.5.10,2082,2082,false,SIN,Asia Pacific,Singapore,13,0.00
47.236.75.113,8880,8880,false,SIN,Asia Pacific,Singapore,13,0.00
47.236.93.176,2086,2086,false,SIN,Asia Pacific,Singapore,13,0.00
8.219.163.195,2082,2082,false,SIN,Asia Pacific,Singapore,13,0.00
8.219.6.150,2082,2082,false,SIN,Asia Pacific,Singapore,13,0.00
8.219.177.205,80,80,false,SIN,Asia Pacific,Singapore,14,0.00
47.236.180.24,8880,8880,false,SIN,Asia Pacific,Singapore,14,0.00
47.236.87.246,8080,8080,false,SIN,Asia Pacific,Singapore,14,0.00
8.219.132.64,2052,2052,false,SIN,Asia Pacific,Singapore,14,0.00
8.219.222.98,2095,2095,false,SIN,Asia Pacific,Singapore,14,0.00
8.219.191.110,80,80,false,SIN,Asia Pacific,Singapore,14,0.00
8.219.142.191,8080,8080,false,SIN,Asia Pacific,Singapore,14,0.00
47.237.83.20,8080,8080,false,SIN,Asia Pacific,Singapore,14,0.00
8.219.67.133,8880,8880,false,SIN,Asia Pacific,Singapore,14,0.00
47.236.166.131,2082,2082,false,SIN,Asia Pacific,Singapore,14,0.00
8.219.174.213,8080,8080,false,SIN,Asia Pacific,Singapore,14,0.00
8.219.103.65,8080,8080,false,SIN,Asia Pacific,Singapore,14,0.00
8.219.84.214,80,80,false,SIN,Asia Pacific,Singapore,14,0.00
8.219.201.8,2052,2052,false,SIN,Asia Pacific,Singapore,14,0.00
8.222.249.190,2086,2086,false,SIN,Asia Pacific,Singapore,14,0.00
8.219.51.211,2052,2052,false,SIN,Asia Pacific,Singapore,14,0.00
8.219.98.13,2095,2095,false,SIN,Asia Pacific,Singapore,14,0.00
8.219.87.30,8080,8080,false,SIN,Asia Pacific,Singapore,14,0.00
8.219.177.205,8880,8880,false,SIN,Asia Pacific,Singapore,14,0.00
8.219.209.14,8880,8880,false,SIN,Asia Pacific,Singapore,14,0.00
8.219.139.13,8880,8880,false,SIN,Asia Pacific,Singapore,14,0.00
8.219.126.240,8080,8080,false,SIN,Asia Pacific,Singapore,14,0.00
8.219.100.168,8880,8880,false,SIN,Asia Pacific,Singapore,14,0.00
8.219.103.65,2052,2052,false,SIN,Asia Pacific,Singapore,14,0.00
8.219.139.13,2052,2052,false,SIN,Asia Pacific,Singapore,14,0.00
8.219.248.47,2095,2095,false,SIN,Asia Pacific,Singapore,14,0.00
8.219.201.8,8880,8880,false,SIN,Asia Pacific,Singapore,14,0.00
47.237.95.140,8080,8080,false,SIN,Asia Pacific,Singapore,14,0.00
8.219.11.158,8080,8080,false,SIN,Asia Pacific,Singapore,14,0.00
8.219.193.202,80,80,false,SIN,Asia Pacific,Singapore,14,0.00
8.219.142.191,2086,2086,false,SIN,Asia Pacific,Singapore,14,0.00
8.219.193.202,2082,2082,false,SIN,Asia Pacific,Singapore,14,0.00
47.236.174.206,2095,2095,false,SIN,Asia Pacific,Singapore,14,0.00
8.219.120.87,2082,2082,false,SIN,Asia Pacific,Singapore,14,0.00
8.215.57.183,443,80,false,CGK,Asia Pacific,Jakarta,14,0.00
47.236.172.71,2082,2082,false,SIN,Asia Pacific,Singapore,14,0.00
47.237.94.140,2086,2086,false,SIN,Asia Pacific,Singapore,14,0.00
8.219.174.142,80,80,false,SIN,Asia Pacific,Singapore,14,0.00
8.219.199.220,80,80,false,SIN,Asia Pacific,Singapore,14,0.00
47.236.80.110,2095,2095,false,SIN,Asia Pacific,Singapore,14,0.00
47.237.125.8,8080,8080,false,SIN,Asia Pacific,Singapore,14,0.00
8.219.237.250,2052,2052,false,SIN,Asia Pacific,Singapore,14,0.00
8.219.78.1,80,80,false,SIN,Asia Pacific,Singapore,14,0.00
8.222.156.242,2052,2052,false,SIN,Asia Pacific,Singapore,14,0.00
8.222.156.242,2082,2082,false,SIN,Asia Pacific,Singapore,14,0.00
8.219.220.88,8880,8880,false,SIN,Asia Pacific,Singapore,14,0.00
8.219.1.92,2052,2052,false,SIN,Asia Pacific,Singapore,14,0.00
8.219.6.150,8880,8880,false,SIN,Asia Pacific,Singapore,14,0.00
8.219.87.30,80,80,false,SIN,Asia Pacific,Singapore,14,0.00
8.219.229.190,8080,8080,false,SIN,Asia Pacific,Singapore,14,0.00
47.236.165.25,8080,8080,false,SIN,Asia Pacific,Singapore,14,0.00
8.219.78.188,8080,8080,false,SIN,Asia Pacific,Singapore,14,0.00
47.236.150.13,8880,8880,false,SIN,Asia Pacific,Singapore,15,0.00
47.236.121.23,8880,8880,false,SIN,Asia Pacific,Singapore,15,0.00
8.219.202.130,2082,2082,false,SIN,Asia Pacific,Singapore,15,0.00
8.222.164.209,2052,2052,false,SIN,Asia Pacific,Singapore,15,0.00
8.222.244.192,80,80,false,SIN,Asia Pacific,Singapore,15,0.00
8.219.87.30,2052,2052,false,SIN,Asia Pacific,Singapore,15,0.00
47.236.202.91,2095,2095,false,SIN,Asia Pacific,Singapore,15,0.00
8.219.100.168,2082,2082,false,SIN,Asia Pacific,Singapore,15,0.00
8.219.177.205,8080,8080,false,SIN,Asia Pacific,Singapore,15,0.00
8.222.150.197,2082,2082,false,SIN,Asia Pacific,Singapore,15,0.00
8.222.174.108,8080,8080,false,SIN,Asia Pacific,Singapore,15,0.00
47.236.170.54,2052,2052,false,SIN,Asia Pacific,Singapore,15,0.00
47.236.232.148,2095,2095,false,SIN,Asia Pacific,Singapore,15,0.00
8.219.111.175,8080,8080,false,SIN,Asia Pacific,Singapore,15,0.00
47.236.169.15,80,80,false,SIN,Asia Pacific,Singapore,15,0.00
47.236.174.206,2082,2082,false,SIN,Asia Pacific,Singapore,15,0.00
8.222.214.231,2086,2086,false,SIN,Asia Pacific,Singapore,15,0.00
8.222.187.4,2052,2052,false,SIN,Asia Pacific,Singapore,15,0.00
8.219.0.48,80,80,false,SIN,Asia Pacific,Singapore,15,0.00
8.219.86.200,2082,2082,false,SIN,Asia Pacific,Singapore,15,0.00
47.236.169.141,2082,2082,false,SIN,Asia Pacific,Singapore,15,0.00
47.236.170.225,8080,8080,false,SIN,Asia Pacific,Singapore,15,0.00
8.219.189.143,8080,8080,false,SIN,Asia Pacific,Singapore,15,0.00
8.222.179.231,2052,2052,false,SIN,Asia Pacific,Singapore,15,0.00
47.236.168.17,2082,2082,false,SIN,Asia Pacific,Singapore,15,0.00
8.219.235.164,2082,2082,false,SIN,Asia Pacific,Singapore,15,0.00
8.219.78.188,2095,2095,false,SIN,Asia Pacific,Singapore,15,0.00
47.236.166.131,8880,8880,false,SIN,Asia Pacific,Singapore,15,0.00
47.236.121.23,2052,2052,false,SIN,Asia Pacific,Singapore,15,0.00
8.219.209.14,2082,2082,false,SIN,Asia Pacific,Singapore,15,0.00
47.237.82.15,2086,2086,false,SIN,Asia Pacific,Singapore,15,0.00
8.219.198.34,8080,8080,false,SIN,Asia Pacific,Singapore,15,0.00
47.236.205.188,8080,8080,false,SIN,Asia Pacific,Singapore,15,0.00
47.236.169.141,8080,8080,false,SIN,Asia Pacific,Singapore,15,0.00
47.237.100.206,2095,2095,false,SIN,Asia Pacific,Singapore,15,0.00
47.236.130.95,8080,8080,false,SIN,Asia Pacific,Singapore,15,0.00
47.236.170.225,2086,2086,false,SIN,Asia Pacific,Singapore,15,0.00
47.237.83.20,2052,2052,false,SIN,Asia Pacific,Singapore,15,0.00
8.219.142.191,2082,2082,false,SIN,Asia Pacific,Singapore,15,0.00
47.236.167.231,8080,8080,false,SIN,Asia Pacific,Singapore,15,0.00
8.222.137.192,2086,2086,false,SIN,Asia Pacific,Singapore,15,0.00
8.219.122.55,8080,8080,false,SIN,Asia Pacific,Singapore,15,0.00
8.219.202.130,2086,2086,false,SIN,Asia Pacific,Singapore,15,0.00
8.219.78.1,2095,2095,false,SIN,Asia Pacific,Singapore,15,0.00
47.237.83.20,2082,2082,false,SIN,Asia Pacific,Singapore,15,0.00
47.236.167.231,8880,8880,false,SIN,Asia Pacific,Singapore,15,0.00
8.219.189.143,80,80,false,SIN,Asia Pacific,Singapore,15,0.00
8.219.113.232,8880,8880,false,SIN,Asia Pacific,Singapore,15,0.00
47.237.14.220,2095,2095,false,SIN,Asia Pacific,Singapore,15,0.00
47.237.8.82,80,80,false,SIN,Asia Pacific,Singapore,15,0.00
8.219.170.232,8080,8080,false,SIN,Asia Pacific,Singapore,15,0.00
47.236.169.141,8880,8880,false,SIN,Asia Pacific,Singapore,15,0.00
8.219.248.47,8080,8080,false,SIN,Asia Pacific,Singapore,15,0.00
8.222.137.192,2052,2052,false,SIN,Asia Pacific,Singapore,15,0.00
47.245.114.163,2082,2082,false,SIN,Asia Pacific,Singapore,15,0.00
47.236.80.110,2082,2082,false,SIN,Asia Pacific,Singapore,15,0.00
8.222.144.50,8880,8880,false,SIN,Asia Pacific,Singapore,15,0.00
47.236.170.54,2086,2086,false,SIN,Asia Pacific,Singapore,15,0.00
8.219.132.64,80,80,false,SIN,Asia Pacific,Singapore,15,0.00
8.222.179.231,2095,2095,false,SIN,Asia Pacific,Singapore,15,0.00
8.219.98.13,2086,2086,false,SIN,Asia Pacific,Singapore,15,0.00
47.236.180.24,2082,2082,false,SIN,Asia Pacific,Singapore,15,0.00
8.222.191.138,2086,2086,false,SIN,Asia Pacific,Singapore,15,0.00
8.219.210.57,2095,2095,false,SIN,Asia Pacific,Singapore,15,0.00
8.222.215.228,2095,2095,false,SIN,Asia Pacific,Singapore,15,0.00
8.219.84.214,2086,2086,false,SIN,Asia Pacific,Singapore,16,0.00
47.236.237.90,2082,2082,false,SIN,Asia Pacific,Singapore,16,0.00
8.219.111.175,2052,2052,false,SIN,Asia Pacific,Singapore,16,0.00
8.222.222.64,2082,2082,false,SIN,Asia Pacific,Singapore,16,0.00
8.219.77.222,80,80,false,SIN,Asia Pacific,Singapore,16,0.00
47.236.150.13,2086,2086,false,SIN,Asia Pacific,Singapore,16,0.00
8.219.0.162,2086,2086,false,SIN,Asia Pacific,Singapore,16,0.00
47.236.167.231,2095,2095,false,SIN,Asia Pacific,Singapore,16,0.00
47.236.144.48,2095,2095,false,SIN,Asia Pacific,Singapore,16,0.00
47.237.92.26,80,80,false,SIN,Asia Pacific,Singapore,16,0.00
47.236.254.120,8880,8880,false,SIN,Asia Pacific,Singapore,16,0.00
8.219.114.201,80,80,false,SIN,Asia Pacific,Singapore,16,0.00
8.219.194.170,2095,2095,false,SIN,Asia Pacific,Singapore,16,0.00
47.236.118.216,2095,2095,false,SIN,Asia Pacific,Singapore,16,0.00
8.219.6.150,2095,2095,false,SIN,Asia Pacific,Singapore,16,0.00
8.219.210.64,2052,2052,false,SIN,Asia Pacific,Singapore,16,0.00
8.222.169.222,2095,2095,false,SIN,Asia Pacific,Singapore,16,0.00
8.222.137.192,80,80,false,SIN,Asia Pacific,Singapore,16,0.00
8.219.86.200,8880,8880,false,SIN,Asia Pacific,Singapore,16,0.00
8.219.107.135,2095,2095,false,SIN,Asia Pacific,Singapore,16,0.00
8.222.215.228,8080,8080,false,SIN,Asia Pacific,Singapore,16,0.00
8.219.67.133,2082,2082,false,SIN,Asia Pacific,Singapore,16,0.00
8.219.42.72,2082,2082,false,SIN,Asia Pacific,Singapore,16,0.00
8.219.49.65,8080,8080,false,SIN,Asia Pacific,Singapore,16,0.00
8.222.214.231,8880,8880,false,SIN,Asia Pacific,Singapore,16,0.00
47.237.0.31,2052,2052,false,SIN,Asia Pacific,Singapore,16,0.00
47.236.166.131,2052,2052,false,SIN,Asia Pacific,Singapore,16,0.00
47.236.97.90,80,80,false,SIN,Asia Pacific,Singapore,16,0.00
47.237.95.140,80,80,false,SIN,Asia Pacific,Singapore,16,0.00
47.237.8.82,2052,2052,false,SIN,Asia Pacific,Singapore,16,0.00
47.236.180.51,2086,2086,false,SIN,Asia Pacific,Singapore,16,0.00
47.236.144.208,2086,2086,false,SIN,Asia Pacific,Singapore,16,0.00
47.236.145.85,2095,2095,false,SIN,Asia Pacific,Singapore,16,0.00
47.236.87.246,2082,2082,false,SIN,Asia Pacific,Singapore,16,0.00
47.237.84.173,8080,8080,false,SIN,Asia Pacific,Singapore,16,0.00
8.219.113.232,80,80,false,SIN,Asia Pacific,Singapore,16,0.00
8.219.83.71,2095,2095,false,SIN,Asia Pacific,Singapore,16,0.00
8.219.11.158,8880,8880,false,SIN,Asia Pacific,Singapore,16,0.00
47.236.169.15,8080,8080,false,SIN,Asia Pacific,Singapore,16,0.00
47.236.118.216,8080,8080,false,SIN,Asia Pacific,Singapore,16,0.00
8.219.49.65,80,80,false,SIN,Asia Pacific,Singapore,16,0.00
8.219.240.160,8880,8880,false,SIN,Asia Pacific,Singapore,16,0.00
8.219.51.211,8080,8080,false,SIN,Asia Pacific,Singapore,16,0.00
47.236.83.239,2095,2095,false,SIN,Asia Pacific,Singapore,16,0.00
8.219.191.40,8880,8880,false,SIN,Asia Pacific,Singapore,16,0.00
47.236.172.95,8880,8880,false,SIN,Asia Pacific,Singapore,16,0.00
8.219.191.40,8080,8080,false,SIN,Asia Pacific,Singapore,16,0.00
47.236.97.90,80,80,false,SIN,Asia Pacific,Singapore,16,0.00
8.219.117.198,8880,8880,false,SIN,Asia Pacific,Singapore,16,0.00
8.219.163.195,2086,2086,false,SIN,Asia Pacific,Singapore,16,0.00
8.219.110.81,2052,2052,false,SIN,Asia Pacific,Singapore,16,0.00
8.219.201.8,2095,2095,false,SIN,Asia Pacific,Singapore,17,0.00
8.222.244.192,2086,2086,false,SIN,Asia Pacific,Singapore,17,0.00
8.219.124.227,8880,8880,false,SIN,Asia Pacific,Singapore,17,0.00
8.219.51.211,8880,8880,false,SIN,Asia Pacific,Singapore,17,0.00
8.219.237.250,2086,2086,false,SIN,Asia Pacific,Singapore,17,0.00
47.237.95.146,8080,8080,false,SIN,Asia Pacific,Singapore,17,0.00
8.219.191.40,2095,2095,false,SIN,Asia Pacific,Singapore,17,0.00
47.237.94.140,2052,2052,false,SIN,Asia Pacific,Singapore,17,0.00
47.237.121.38,80,80,false,SIN,Asia Pacific,Singapore,17,0.00
47.237.0.31,2082,2082,false,SIN,Asia Pacific,Singapore,17,0.00
8.219.78.188,2086,2086,false,SIN,Asia Pacific,Singapore,17,0.00
8.219.177.205,2082,2082,false,SIN,Asia Pacific,Singapore,17,0.00
47.236.144.196,8880,8880,false,SIN,Asia Pacific,Singapore,17,0.00
8.219.113.232,2095,2095,false,SIN,Asia Pacific,Singapore,17,0.00
8.219.199.220,2095,2095,false,SIN,Asia Pacific,Singapore,17,0.00
47.237.94.140,8080,8080,false,SIN,Asia Pacific,Singapore,17,0.00
8.222.215.228,8880,8880,false,SIN,Asia Pacific,Singapore,17,0.00
8.219.11.158,2095,2095,false,SIN,Asia Pacific,Singapore,17,0.00
8.222.244.192,2052,2052,false,SIN,Asia Pacific,Singapore,17,0.00
8.222.184.198,8880,8880,false,SIN,Asia Pacific,Singapore,17,0.00
8.219.189.143,2086,2086,false,SIN,Asia Pacific,Singapore,17,0.00
8.219.189.143,2095,2095,false,SIN,Asia Pacific,Singapore,17,0.00
47.236.170.54,2086,2086,false,SIN,Asia Pacific,Singapore,17,0.00
8.222.169.222,2086,2086,false,SIN,Asia Pacific,Singapore,17,0.00
8.222.144.50,80,80,false,SIN,Asia Pacific,Singapore,17,0.00
8.219.201.245,80,80,false,SIN,Asia Pacific,Singapore,17,0.00
47.237.11.182,80,80,false,SIN,Asia Pacific,Singapore,17,0.00
8.219.111.175,2086,2086,false,SIN,Asia Pacific,Singapore,17,0.00
47.236.168.17,2082,2082,false,SIN,Asia Pacific,Singapore,17,0.00
8.219.201.245,2082,2082,false,SIN,Asia Pacific,Singapore,17,0.00
8.219.111.147,8880,8880,false,SIN,Asia Pacific,Singapore,17,0.00
8.219.161.129,2052,2052,false,SIN,Asia Pacific,Singapore,17,0.00
47.237.121.38,8080,8080,false,SIN,Asia Pacific,Singapore,17,0.00
8.219.111.147,8080,8080,false,SIN,Asia Pacific,Singapore,17,0.00
8.219.104.37,2086,2086,false,SIN,Asia Pacific,Singapore,17,0.00
8.222.160.176,2082,2082,false,SIN,Asia Pacific,Singapore,17,0.00
8.222.208.38,8880,8880,false,SIN,Asia Pacific,Singapore,17,0.00
47.237.86.185,2086,2086,false,SIN,Asia Pacific,Singapore,17,0.00
8.222.169.222,2082,2082,false,SIN,Asia Pacific,Singapore,17,0.00
47.237.95.13,8880,8880,false,SIN,Asia Pacific,Singapore,17,0.00
8.219.210.64,8880,8880,false,SIN,Asia Pacific,Singapore,17,0.00
8.219.42.72,8880,8880,false,SIN,Asia Pacific,Singapore,17,0.00
8.219.210.64,8080,8080,false,SIN,Asia Pacific,Singapore,17,0.00
8.219.202.130,8080,8080,false,SIN,Asia Pacific,Singapore,17,0.00
8.222.165.117,8880,8880,false,SIN,Asia Pacific,Singapore,17,0.00
8.222.244.192,2086,2086,false,SIN,Asia Pacific,Singapore,17,0.00
8.222.222.64,2095,2095,false,SIN,Asia Pacific,Singapore,17,0.00
47.237.86.185,2082,2082,false,SIN,Asia Pacific,Singapore,17,0.00
8.219.163.195,80,80,false,SIN,Asia Pacific,Singapore,17,0.00
47.237.10.1,2095,2095,false,SIN,Asia Pacific,Singapore,17,0.00
47.236.10.182,8880,8880,false,SIN,Asia Pacific,Singapore,17,0.00
8.219.106.156,8080,8080,false,SIN,Asia Pacific,Singapore,17,0.00
8.219.198.34,2082,2082,false,SIN,Asia Pacific,Singapore,17,0.00
47.237.125.8,2086,2086,false,SIN,Asia Pacific,Singapore,17,0.00
8.219.240.160,2082,2082,false,SIN,Asia Pacific,Singapore,17,0.00
8.219.40.37,2082,2082,false,SIN,Asia Pacific,Singapore,17,0.00
47.245.126.151,8080,8080,false,SIN,Asia Pacific,Singapore,17,0.00
8.219.93.5,80,80,false,SIN,Asia Pacific,Singapore,17,0.00
8.219.110.81,2086,2086,false,SIN,Asia Pacific,Singapore,18,0.00
8.222.181.117,8080,8080,false,SIN,Asia Pacific,Singapore,18,0.00
47.236.180.51,8080,8080,false,SIN,Asia Pacific,Singapore,18,0.00
8.219.174.213,2082,2082,false,SIN,Asia Pacific,Singapore,18,0.00
8.219.78.188,2086,2086,false,SIN,Asia Pacific,Singapore,18,0.00
8.219.235.164,8880,8880,false,SIN,Asia Pacific,Singapore,18,0.00
8.219.248.47,2095,2095,false,SIN,Asia Pacific,Singapore,18,0.00
8.219.235.164,8880,8880,false,SIN,Asia Pacific,Singapore,18,0.00
47.237.95.156,2095,2095,false,SIN,Asia Pacific,Singapore,18,0.00
8.219.97.50,80,80,false,SIN,Asia Pacific,Singapore,18,0.00
8.219.201.8,80,80,false,SIN,Asia Pacific,Singapore,18,0.00
8.219.229.190,2082,2082,false,SIN,Asia Pacific,Singapore,18,0.00
47.236.144.196,2086,2086,false,SIN,Asia Pacific,Singapore,18,0.00
8.222.244.192,2082,2082,false,SIN,Asia Pacific,Singapore,18,0.00
8.219.220.88,2082,2082,false,SIN,Asia Pacific,Singapore,18,0.00
8.222.244.192,2095,2095,false,SIN,Asia Pacific,Singapore,18,0.00
8.219.191.110,8080,8080,false,SIN,Asia Pacific,Singapore,18,0.00
47.237.8.82,2086,2086,false,SIN,Asia Pacific,Singapore,18,0.00
47.236.10.100,8080,8080,false,SIN,Asia Pacific,Singapore,18,0.00
8.219.84.214,8880,8880,false,SIN,Asia Pacific,Singapore,18,0.00
8.219.86.200,2052,2052,false,SIN,Asia Pacific,Singapore,18,0.00
8.219.124.227,2082,2082,false,SIN,Asia Pacific,Singapore,18,0.00
47.236.145.85,2086,2086,false,SIN,Asia Pacific,Singapore,18,0.00
8.219.193.202,80,80,false,SIN,Asia Pacific,Singapore,18,0.00
47.237.125.8,80,80,false,SIN,Asia Pacific,Singapore,18,0.00
8.219.67.133,2052,2052,false,SIN,Asia Pacific,Singapore,18,0.00
47.237.14.220,80,80,false,SIN,Asia Pacific,Singapore,18,0.00
47.236.169.15,2082,2082,false,SIN,Asia Pacific,Singapore,18,0.00
47.236.121.23,2086,2086,false,SIN,Asia Pacific,Singapore,18,0.00
47.236.144.196,8880,8880,false,SIN,Asia Pacific,Singapore,18,0.00
8.219.222.98,8880,8880,false,SIN,Asia Pacific,Singapore,18,0.00
8.219.60.54,8880,8880,false,SIN,Asia Pacific,Singapore,18,0.00
47.236.158.158,2095,2095,false,SIN,Asia Pacific,Singapore,18,0.00
47.236.10.100,2095,2095,false,SIN,Asia Pacific,Singapore,18,0.00
47.236.171.205,2082,2082,false,SIN,Asia Pacific,Singapore,18,0.00
8.222.193.65,8080,8080,false,SIN,Asia Pacific,Singapore,18,0.00
8.219.124.227,2095,2095,false,SIN,Asia Pacific,Singapore,18,0.00
8.222.136.247,2082,2082,false,SIN,Asia Pacific,Singapore,18,0.00
8.222.191.138,2086,2086,false,SIN,Asia Pacific,Singapore,18,0.00
47.236.205.188,2095,2095,false,SIN,Asia Pacific,Singapore,18,0.00
47.236.144.208,2086,2086,false,SIN,Asia Pacific,Singapore,18,0.00
8.219.122.55,2052,2052,false,SIN,Asia Pacific,Singapore,18,0.00
8.219.49.65,2082,2082,false,SIN,Asia Pacific,Singapore,18,0.00
47.236.167.231,2086,2086,false,SIN,Asia Pacific,Singapore,18,0.00
47.237.11.182,2086,2086,false,SIN,Asia Pacific,Singapore,18,0.00
47.236.118.216,2052,2052,false,SIN,Asia Pacific,Singapore,18,0.00
8.219.87.30,2082,2082,false,SIN,Asia Pacific,Singapore,18,0.00
47.236.170.54,2082,2082,false,SIN,Asia Pacific,Singapore,18,0.00
47.236.9.152,80,80,false,SIN,Asia Pacific,Singapore,18,0.00
8.219.201.8,2086,2086,false,SIN,Asia Pacific,Singapore,18,0.00
8.219.132.64,2095,2095,false,SIN,Asia Pacific,Singapore,18,0.00
8.219.113.232,2082,2082,false,SIN,Asia Pacific,Singapore,19,0.00
47.237.95.146,2095,2095,false,SIN,Asia Pacific,Singapore,19,0.00
47.236.237.90,8880,8880,false,SIN,Asia Pacific,Singapore,19,0.00
8.222.146.222,8080,8080,false,SIN,Asia Pacific,Singapore,19,0.00
47.236.169.141,2095,2095,false,SIN,Asia Pacific,Singapore,19,0.00
8.219.50.180,2086,2086,false,SIN,Asia Pacific,Singapore,19,0.00
8.222.144.50,8080,8080,false,SIN,Asia Pacific,Singapore,19,0.00
8.219.40.37,8880,8880,false,SIN,Asia Pacific,Singapore,19,0.00
8.219.110.81,8880,8880,false,SIN,Asia Pacific,Singapore,19,0.00
47.236.93.176,2086,2086,false,SIN,Asia Pacific,Singapore,19,0.00
47.236.87.246,2086,2086,false,SIN,Asia Pacific,Singapore,19,0.00
8.219.83.201,80,80,false,SIN,Asia Pacific,Singapore,19,0.00
8.222.183.242,2086,2086,false,SIN,Asia Pacific,Singapore,19,0.00
47.236.83.239,80,80,false,SIN,Asia Pacific,Singapore,19,0.00
47.236.17.193,80,80,false,SIN,Asia Pacific,Singapore,19,0.00
8.219.120.87,2086,2086,false,SIN,Asia Pacific,Singapore,19,0.00
8.219.191.40,2052,2052,false,SIN,Asia Pacific,Singapore,19,0.00
47.236.169.164,2082,2082,false,SIN,Asia Pacific,Singapore,19,0.00
8.222.134.170,80,80,false,SIN,Asia Pacific,Singapore,19,0.00
8.219.4.122,8080,8080,false,SIN,Asia Pacific,Singapore,19,0.00
47.236.168.17,8880,8880,false,SIN,Asia Pacific,Singapore,19,0.00
8.219.122.55,2082,2082,false,SIN,Asia Pacific,Singapore,19,0.00
8.222.187.4,2082,2082,false,SIN,Asia Pacific,Singapore,19,0.00
8.219.5.10,8880,8880,false,SIN,Asia Pacific,Singapore,19,0.00
8.219.220.88,80,80,false,SIN,Asia Pacific,Singapore,19,0.00
47.236.87.246,2052,2052,false,SIN,Asia Pacific,Singapore,19,0.00
47.237.92.26,8080,8080,false,SIN,Asia Pacific,Singapore,19,0.00
8.219.177.205,8880,8880,false,SIN,Asia Pacific,Singapore,19,0.00
8.219.50.180,80,80,false,SIN,Asia Pacific,Singapore,19,0.00
8.219.110.81,8880,8880,false,SIN,Asia Pacific,Singapore,19,0.00
8.219.113.232,2086,2086,false,SIN,Asia Pacific,Singapore,19,0.00
8.219.132.64,8880,8880,false,SIN,Asia Pacific,Singapore,19,0.00
47.236.121.23,8080,8080,false,SIN,Asia Pacific,Singapore,19,0.00
8.219.67.133,80,80,false,SIN,Asia Pacific,Singapore,19,0.00
8.219.51.211,80,80,false,SIN,Asia Pacific,Singapore,19,0.00
8.222.187.4,2095,2095,false,SIN,Asia Pacific,Singapore,19,0.00
47.236.174.206,80,80,false,SIN,Asia Pacific,Singapore,19,0.00
47.236.145.85,80,80,false,SIN,Asia Pacific,Singapore,19,0.00
8.219.229.190,80,80,false,SIN,Asia Pacific,Singapore,19,0.00
47.236.130.95,2095,2095,false,SIN,Asia Pacific,Singapore,19,0.00
47.236.87.246,8880,8880,false,SIN,Asia Pacific,Singapore,19,0.00
8.222.150.197,2086,2086,false,SIN,Asia Pacific,Singapore,19,0.00
47.236.104.11,2052,2052,false,SIN,Asia Pacific,Singapore,19,0.00
47.237.84.173,80,80,false,SIN,Asia Pacific,Singapore,19,0.00
47.236.169.15,2086,2086,false,SIN,Asia Pacific,Singapore,19,0.00
8.219.4.122,2052,2052,false,SIN,Asia Pacific,Singapore,19,0.00
8.219.107.135,2052,2052,false,SIN,Asia Pacific,Singapore,19,0.00
8.219.83.201,8080,8080,false,SIN,Asia Pacific,Singapore,19,0.00
8.219.189.143,8880,8880,false,SIN,Asia Pacific,Singapore,19,0.00
8.222.146.222,2082,2082,false,SIN,Asia Pacific,Singapore,19,0.00
8.222.244.192,8880,8880,false,SIN,Asia Pacific,Singapore,19,0.00
47.236.17.193,8080,8080,false,SIN,Asia Pacific,Singapore,19,0.00
8.219.93.5,8080,8080,false,SIN,Asia Pacific,Singapore,19,0.00
8.222.156.242,80,80,false,SIN,Asia Pacific,Singapore,19,0.00
47.236.123.133,8880,8880,false,SIN,Asia Pacific,Singapore,19,0.00
47.237.95.156,2086,2086,false,SIN,Asia Pacific,Singapore,19,0.00
8.219.139.13,80,80,false,SIN,Asia Pacific,Singapore,19,0.00
8.222.181.117,2095,2095,false,SIN,Asia Pacific,Singapore,19,0.00
8.219.98.13,2082,2082,false,SIN,Asia Pacific,Singapore,19,0.00
8.219.209.14,80,80,false,SIN,Asia Pacific,Singapore,19,0.00
8.219.104.37,8880,8880,false,SIN,Asia Pacific,Singapore,19,0.00
8.219.235.164,2095,2095,false,SIN,Asia Pacific,Singapore,19,0.00
47.74.155.26,80,80,false,SIN,Asia Pacific,Singapore,20,0.00
8.219.191.40,8880,8880,false,SIN,Asia Pacific,Singapore,20,0.00
8.219.93.5,8880,8880,false,SIN,Asia Pacific,Singapore,20,0.00
8.219.198.34,8880,8880,false,SIN,Asia Pacific,Singapore,20,0.00
8.219.50.180,2052,2052,false,SIN,Asia Pacific,Singapore,20,0.00
47.237.95.140,2082,2082,false,SIN,Asia Pacific,Singapore,20,0.00
8.219.0.162,8880,8880,false,SIN,Asia Pacific,Singapore,20,0.00
8.222.191.138,80,80,false,SIN,Asia Pacific,Singapore,20,0.00
8.219.240.160,8080,8080,false,SIN,Asia Pacific,Singapore,20,0.00
47.236.205.188,2082,2082,false,SIN,Asia Pacific,Singapore,20,0.00
8.222.187.4,8080,8080,false,SIN,Asia Pacific,Singapore,20,0.00
47.236.10.182,2052,2052,false,SIN,Asia Pacific,Singapore,20,0.00
47.236.80.110,2095,2095,false,SIN,Asia Pacific,Singapore,20,0.00
8.219.199.220,2082,2082,false,SIN,Asia Pacific,Singapore,20,0.00
8.219.199.220,8880,8880,false,SIN,Asia Pacific,Singapore,20,0.00
8.219.163.195,8880,8880,false,SIN,Asia Pacific,Singapore,20,0.00
8.222.183.242,2095,2095,false,SIN,Asia Pacific,Singapore,20,0.00
8.219.122.55,2095,2095,false,SIN,Asia Pacific,Singapore,20,0.00
47.236.9.152,8080,8080,false,SIN,Asia Pacific,Singapore,20,0.00
47.236.104.11,2082,2082,false,SIN,Asia Pacific,Singapore,20,0.00
47.236.149.107,8080,8080,false,SIN,Asia Pacific,Singapore,20,0.00
47.236.254.120,80,80,false,SIN,Asia Pacific,Singapore,20,0.00
47.236.232.148,80,80,false,SIN,Asia Pacific,Singapore,20,0.00
8.219.50.180,8080,8080,false,SIN,Asia Pacific,Singapore,20,0.00
47.237.121.38,2082,2082,false,SIN,Asia Pacific,Singapore,20,0.00
8.219.210.57,8880,8880,false,SIN,Asia Pacific,Singapore,20,0.00
8.219.67.133,2095,2095,false,SIN,Asia Pacific,Singapore,20,0.00
47.236.180.51,2095,2095,false,SIN,Asia Pacific,Singapore,20,0.00
8.219.174.213,2052,2052,false,SIN,Asia Pacific,Singapore,20,0.00
47.236.145.85,2086,2086,false,SIN,Asia Pacific,Singapore,20,0.00
47.236.253.41,80,80,false,SIN,Asia Pacific,Singapore,20,0.00
47.236.102.102,2052,2052,false,SIN,Asia Pacific,Singapore,20,0.00
47.236.205.188,80,80,false,SIN,Asia Pacific,Singapore,20,0.00
47.237.121.38,2086,2086,false,SIN,Asia Pacific,Singapore,20,0.00
8.219.98.13,8080,8080,false,SIN,Asia Pacific,Singapore,20,0.00
47.236.169.15,8880,8880,false,SIN,Asia Pacific,Singapore,20,0.00
47.237.84.173,80,80,false,SIN,Asia Pacific,Singapore,20,0.00
47.237.95.13,2086,2086,false,SIN,Asia Pacific,Singapore,20,0.00
8.219.191.110,8880,8880,false,SIN,Asia Pacific,Singapore,20,0.00
47.236.169.141,2082,2082,false,SIN,Asia Pacific,Singapore,20,0.00
47.236.144.208,2052,2052,false,SIN,Asia Pacific,Singapore,20,0.00
8.219.240.160,2086,2086,false,SIN,Asia Pacific,Singapore,20,0.00
8.219.222.98,2095,2095,false,SIN,Asia Pacific,Singapore,20,0.00
8.219.40.37,8080,8080,false,SIN,Asia Pacific,Singapore,20,0.00
8.219.124.227,2052,2052,false,SIN,Asia Pacific,Singapore,20,0.00
8.219.111.175,2095,2095,false,SIN,Asia Pacific,Singapore,20,0.00
8.219.147.58,8880,8880,false,SIN,Asia Pacific,Singapore,20,0.00
47.236.9.152,2086,2086,false,SIN,Asia Pacific,Singapore,20,0.00
8.222.184.198,2082,2082,false,SIN,Asia Pacific,Singapore,20,0.00
47.236.75.113,80,80,false,SIN,Asia Pacific,Singapore,20,0.00
8.222.144.50,80,80,false,SIN,Asia Pacific,Singapore,20,0.00
47.237.81.112,2052,2052,false,SIN,Asia Pacific,Singapore,20,0.00
47.236.167.231,2082,2082,false,SIN,Asia Pacific,Singapore,20,0.00
47.236.123.133,80,80,false,SIN,Asia Pacific,Singapore,20,0.00
47.236.205.188,2086,2086,false,SIN,Asia Pacific,Singapore,20,0.00
8.219.163.195,8080,8080,false,SIN,Asia Pacific,Singapore,20,0.00
8.219.210.57,2095,2095,false,SIN,Asia Pacific,Singapore,20,0.00
8.222.164.209,2086,2086,false,SIN,Asia Pacific,Singapore,20,0.00
8.222.222.64,2086,2086,false,SIN,Asia Pacific,Singapore,20,0.00
47.236.158.158,2082,2082,false,SIN,Asia Pacific,Singapore,20,0.00
8.222.180.86,2082,2082,false,SIN,Asia Pacific,Singapore,20,0.00
8.219.42.72,2095,2095,false,SIN,Asia Pacific,Singapore,20,0.00
8.219.163.195,2086,2086,false,SIN,Asia Pacific,Singapore,20,0.00
47.236.168.17,80,80,false,SIN,Asia Pacific,Singapore,21,0.00
8.222.156.242,2095,2095,false,SIN,Asia Pacific,Singapore,21,0.00
47.236.117.48,2095,2095,false,SIN,Asia Pacific,Singapore,21,0.00
8.219.97.50,2095,2095,false,SIN,Asia Pacific,Singapore,21,0.00
8.219.60.54,2086,2086,false,SIN,Asia Pacific,Singapore,21,0.00
8.222.187.4,8880,8880,false,SIN,Asia Pacific,Singapore,21,0.00
47.236.93.176,2095,2095,false,SIN,Asia Pacific,Singapore,21,0.00
47.237.11.182,8080,8080,false,SIN,Asia Pacific,Singapore,21,0.00
8.219.120.87,80,80,false,SIN,Asia Pacific,Singapore,21,0.00
8.222.136.247,8080,8080,false,SIN,Asia Pacific,Singapore,21,0.00
8.219.161.129,8080,8080,false,SIN,Asia Pacific,Singapore,21,0.00
8.219.191.40,80,80,false,SIN,Asia Pacific,Singapore,21,0.00
8.219.194.170,80,80,false,SIN,Asia Pacific,Singapore,21,0.00
8.222.237.131,2082,2082,false,SIN,Asia Pacific,Singapore,21,0.00
47.236.17.193,80,80,false,SIN,Asia Pacific,Singapore,21,0.00
8.219.84.214,2052,2052,false,SIN,Asia Pacific,Singapore,21,0.00
47.236.171.205,8080,8080,false,SIN,Asia Pacific,Singapore,21,0.00
47.236.118.216,80,80,false,SIN,Asia Pacific,Singapore,21,0.00
8.219.240.160,2052,2052,false,SIN,Asia Pacific,Singapore,21,0.00
8.222.134.170,8880,8880,false,SIN,Asia Pacific,Singapore,21,0.00
47.236.164.215,2082,2082,false,SIN,Asia Pacific,Singapore,21,0.00
8.222.167.147,2086,2086,false,SIN,Asia Pacific,Singapore,21,0.00
8.219.202.130,80,80,false,SIN,Asia Pacific,Singapore,21,0.00
8.219.111.147,2095,2095,false,SIN,Asia Pacific,Singapore,21,0.00
47.236.174.206,2095,2095,false,SIN,Asia Pacific,Singapore,21,0.00
47.236.17.193,2082,2082,false,SIN,Asia Pacific,Singapore,21,0.00
47.236.10.182,2082,2082,false,SIN,Asia Pacific,Singapore,21,0.00
8.219.77.222,2082,2082,false,SIN,Asia Pacific,Singapore,21,0.00
8.222.137.192,2082,2082,false,SIN,Asia Pacific,Singapore,21,0.00
47.237.95.140,2052,2052,false,SIN,Asia Pacific,Singapore,21,0.00
47.236.80.110,80,80,false,SIN,Asia Pacific,Singapore,21,0.00
8.222.162.45,2095,2095,false,SIN,Asia Pacific,Singapore,21,0.00
8.222.134.170,8080,8080,false,SIN,Asia Pacific,Singapore,21,0.00
47.236.149.107,2095,2095,false,SIN,Asia Pacific,Singapore,21,0.00
8.222.137.192,2095,2095,false,SIN,Asia Pacific,Singapore,21,0.00
47.237.94.140,8080,8080,false,SIN,Asia Pacific,Singapore,21,0.00
8.219.200.145,8880,8880,false,SIN,Asia Pacific,Singapore,21,0.00
47.237.84.173,2086,2086,false,SIN,Asia Pacific,Singapore,21,0.00
8.222.137.192,8080,8080,false,SIN,Asia Pacific,Singapore,21,0.00
8.219.5.10,2095,2095,false,SIN,Asia Pacific,Singapore,21,0.00
47.237.84.173,2052,2052,false,SIN,Asia Pacific,Singapore,21,0.00
47.245.126.151,2086,2086,false,SIN,Asia Pacific,Singapore,21,0.00
8.219.100.168,2052,2052,false,SIN,Asia Pacific,Singapore,21,0.00
47.236.171.205,2082,2082,false,SIN,Asia Pacific,Singapore,21,0.00
8.222.174.108,2052,2052,false,SIN,Asia Pacific,Singapore,21,0.00
47.236.164.215,8080,8080,false,SIN,Asia Pacific,Singapore,21,0.00
47.236.144.208,80,80,false,SIN,Asia Pacific,Singapore,21,0.00
47.236.83.239,8880,8880,false,SIN,Asia Pacific,Singapore,21,0.00
47.245.96.80,80,80,false,SIN,Asia Pacific,Singapore,21,0.00
8.222.222.64,8880,8880,false,SIN,Asia Pacific,Singapore,21,0.00
8.219.170.232,8080,8080,false,SIN,Asia Pacific,Singapore,21,0.00
47.236.164.215,2095,2095,false,SIN,Asia Pacific,Singapore,21,0.00
8.219.77.222,8880,8880,false,SIN,Asia Pacific,Singapore,21,0.00
47.236.130.95,8880,8880,false,SIN,Asia Pacific,Singapore,21,0.00
47.236.237.90,8080,8080,false,SIN,Asia Pacific,Singapore,22,0.00
47.237.83.20,2095,2095,false,SIN,Asia Pacific,Singapore,22,0.00
8.222.146.222,2095,2095,false,SIN,Asia Pacific,Singapore,22,0.00
8.219.139.13,8080,8080,false,SIN,Asia Pacific,Singapore,22,0.00
8.222.136.247,2086,2086,false,SIN,Asia Pacific,Singapore,22,0.00
8.219.210.57,80,80,false,SIN,Asia Pacific,Singapore,22,0.00
8.222.150.197,80,80,false,SIN,Asia Pacific,Singapore,22,0.00
8.219.126.240,8880,8880,false,SIN,Asia Pacific,Singapore,22,0.00
47.236.145.85,2052,2052,false,SIN,Asia Pacific,Singapore,22,0.00
8.219.86.200,2095,2095,false,SIN,Asia Pacific,Singapore,22,0.00
47.245.118.70,2095,2095,false,SIN,Asia Pacific,Singapore,22,0.00
47.237.10.1,2082,2082,false,SIN,Asia Pacific,Singapore,22,0.00
8.219.189.143,2052,2052,false,SIN,Asia Pacific,Singapore,22,0.00
47.236.168.17,8880,8880,false,SIN,Asia Pacific,Singapore,22,0.00
47.236.254.120,80,80,false,SIN,Asia Pacific,Singapore,22,0.00
47.237.82.15,8080,8080,false,SIN,Asia Pacific,Singapore,22,0.00
47.237.95.140,2086,2086,false,SIN,Asia Pacific,Singapore,22,0.00
47.236.5.223,8080,8080,false,SIN,Asia Pacific,Singapore,22,0.00
47.236.202.91,2086,2086,false,SIN,Asia Pacific,Singapore,22,0.00
8.222.191.138,8080,8080,false,SIN,Asia Pacific,Singapore,22,0.00
8.222.184.198,2086,2086,false,SIN,Asia Pacific,Singapore,22,0.00
47.236.102.102,2086,2086,false,SIN,Asia Pacific,Singapore,22,0.00
8.219.210.57,8880,8880,false,SIN,Asia Pacific,Singapore,22,0.00
8.222.146.222,2095,2095,false,SIN,Asia Pacific,Singapore,22,0.00
8.219.132.64,8080,8080,false,SIN,Asia Pacific,Singapore,22,0.00
8.222.174.108,2082,2082,false,SIN,Asia Pacific,Singapore,22,0.00
8.219.174.142,8880,8880,false,SIN,Asia Pacific,Singapore,22,0.00
8.222.146.222,8880,8880,false,SIN,Asia Pacific,Singapore,22,0.00
8.222.179.231,2082,2082,false,SIN,Asia Pacific,Singapore,22,0.00
8.222.174.108,8880,8880,false,SIN,Asia Pacific,Singapore,22,0.00
47.236.5.223,2052,2052,false,SIN,Asia Pacific,Singapore,22,0.00
8.219.60.54,8080,8080,false,SIN,Asia Pacific,Singapore,22,0.00
47.236.253.41,2082,2082,false,SIN,Asia Pacific,Singapore,22,0.00
47.237.94.140,2086,2086,false,SIN,Asia Pacific,Singapore,22,0.00
8.222.169.222,2095,2095,false,SIN,Asia Pacific,Singapore,22,0.00
47.236.169.164,8880,8880,false,SIN,Asia Pacific,Singapore,22,0.00
8.222.136.247,2095,2095,false,SIN,Asia Pacific,Singapore,22,0.00
8.219.147.58,2052,2052,false,SIN,Asia Pacific,Singapore,22,0.00
47.236.144.48,2086,2086,false,SIN,Asia Pacific,Singapore,22,0.00
8.222.181.117,2082,2082,false,SIN,Asia Pacific,Singapore,22,0.00
47.237.14.220,2082,2082,false,SIN,Asia Pacific,Singapore,22,0.00
47.236.144.48,2052,2052,false,SIN,Asia Pacific,Singapore,22,0.00
47.236.123.133,2082,2082,false,SIN,Asia Pacific,Singapore,22,0.00
47.236.144.208,2052,2052,false,SIN,Asia Pacific,Singapore,22,0.00
8.219.237.250,2095,2095,false,SIN,Asia Pacific,Singapore,22,0.00
8.219.42.72,8080,8080,false,SIN,Asia Pacific,Singapore,22,0.00
8.222.244.192,80,80,false,SIN,Asia Pacific,Singapore,22,0.00
8.222.180.86,2086,2086,false,SIN,Asia Pacific,Singapore,22,0.00
8.222.208.38,80,80,false,SIN,Asia Pacific,Singapore,22,0.00
8.219.174.213,80,80,false,SIN,Asia Pacific,Singapore,22,0.00
8.222.187.4,80,80,false,SIN,Asia Pacific,Singapore,22,0.00
47.237.92.26,2095,2095,false,SIN,Asia Pacific,Singapore,22,0.00
8.222.249.190,2052,2052,false,SIN,Asia Pacific,Singapore,22,0.00
8.222.191.138,8880,8880,false,SIN,Asia Pacific,Singapore,22,0.00
47.237.121.38,2095,2095,false,SIN,Asia Pacific,Singapore,22,0.00
8.219.106.156,8880,8880,false,SIN,Asia Pacific,Singapore,22,0.00
47.236.150.13,80,80,false,SIN,Asia Pacific,Singapore,22,0.00
47.236.180.24,2095,2095,false,SIN,Asia Pacific,Singapore,22,0.00
47.236.17.193,2052,2052,false,SIN,Asia Pacific,Singapore,22,0.00
47.236.180.24,80,80,false,SIN,Asia Pacific,Singapore,22,0.00
47.236.10.182,2095,2095,false,SIN,Asia Pacific,Singapore,22,0.00
8.219.77.141,80,80,false,SJC,North America,San Jose,22,0.00
8.222.134.170,2086,2086,false,SIN,Asia Pacific,Singapore,22,0.00
47.236.104.11,2052,2052,false,SIN,Asia Pacific,Singapore,23,0.00
8.219.83.71,8880,8880,false,SIN,Asia Pacific,Singapore,23,0.00
47.236.9.152,8880,8880,false,SIN,Asia Pacific,Singapore,23,0.00
8.219.50.180,2095,2095,false,SIN,Asia Pacific,Singapore,23,0.00
8.219.1.92,2082,2082,false,SIN,Asia Pacific,Singapore,23,0.00
8.219.229.190,2095,2095,false,SIN,Asia Pacific,Singapore,23,0.00
8.222.167.147,2082,2082,false,SIN,Asia Pacific,Singapore,23,0.00
47.236.172.95,2052,2052,false,SIN,Asia Pacific,Singapore,23,0.00
8.222.208.38,2052,2052,false,SIN,Asia Pacific,Singapore,23,0.00
8.219.4.122,8880,8880,false,SIN,Asia Pacific,Singapore,23,0.00
47.236.121.23,2095,2095,false,SIN,Asia Pacific,Singapore,23,0.00
8.219.5.10,80,80,false,SIN,Asia Pacific,Singapore,23,0.00
8.219.199.220,2052,2052,false,SIN,Asia Pacific,Singapore,23,0.00
47.236.5.223,2086,2086,false,SIN,Asia Pacific,Singapore,23,0.00
8.219.147.58,80,80,false,SIN,Asia Pacific,Singapore,23,0.00
47.237.95.146,2052,2052,false,SIN,Asia Pacific,Singapore,23,0.00
8.219.49.65,2086,2086,false,SIN,Asia Pacific,Singapore,23,0.00
47.237.84.173,2095,2095,false,SIN,Asia Pacific,Singapore,23,0.00
8.219.222.98,2086,2086,false,SIN,Asia Pacific,Singapore,23,0.00
8.222.169.222,2052,2052,false,SIN,Asia Pacific,Singapore,23,0.00
47.236.9.152,2052,2052,false,SIN,Asia Pacific,Singapore,23,0.00
47.236.149.107,2086,2086,false,SIN,Asia Pacific,Singapore,23,0.00
8.219.99.169,2052,2052,false,SIN,Asia Pacific,Singapore,23,0.00
8.222.174.108,2086,2086,false,SIN,Asia Pacific,Singapore,23,0.00
8.222.156.242,8080,8080,false,SIN,Asia Pacific,Singapore,23,0.00
47.236.146.249,2095,2095,false,SIN,Asia Pacific,Singapore,23,0.00
8.219.142.191,2052,2052,false,SIN,Asia Pacific,Singapore,23,0.00
8.219.198.139,2095,2095,false,SIN,Asia Pacific,Singapore,23,0.00
8.219.191.40,2082,2082,false,SIN,Asia Pacific,Singapore,23,0.00
8.219.83.71,80,80,false,SIN,Asia Pacific,Singapore,23,0.00
47.237.95.146,2052,2052,false,SIN,Asia Pacific,Singapore,23,0.00
8.222.146.222,2086,2086,false,SIN,Asia Pacific,Singapore,23,0.00
8.219.222.98,2082,2082,false,SIN,Asia Pacific,Singapore,23,0.00
47.245.126.151,80,80,false,SIN,Asia Pacific,Singapore,23,0.00
47.237.92.26,2086,2086,false,SIN,Asia Pacific,Singapore,23,0.00
8.219.139.13,2087,2087,true,SIN,Asia Pacific,Singapore,23,0.00
8.219.49.65,2095,2095,false,SIN,Asia Pacific,Singapore,23,0.00
47.236.75.152,8080,8080,false,SIN,Asia Pacific,Singapore,23,0.00
8.219.51.211,2082,2082,false,SIN,Asia Pacific,Singapore,23,0.00
8.219.202.130,8880,8880,false,SIN,Asia Pacific,Singapore,23,0.00
47.236.174.206,2052,2052,false,SIN,Asia Pacific,Singapore,23,0.00
8.219.42.72,80,80,false,SIN,Asia Pacific,Singapore,23,0.00
8.222.137.192,2095,2095,false,SIN,Asia Pacific,Singapore,23,0.00
47.237.11.182,80,80,false,SIN,Asia Pacific,Singapore,23,0.00
47.236.169.164,8080,8080,false,SIN,Asia Pacific,Singapore,23,0.00
8.219.111.147,2052,2052,false,SIN,Asia Pacific,Singapore,23,0.00
8.219.106.156,2082,2082,false,SIN,Asia Pacific,Singapore,23,0.00
8.219.170.232,2095,2095,false,SIN,Asia Pacific,Singapore,23,0.00
47.236.158.158,80,80,false,SIN,Asia Pacific,Singapore,23,0.00
8.219.198.139,2095,2095,false,SIN,Asia Pacific,Singapore,23,0.00
8.219.193.202,2082,2082,false,SIN,Asia Pacific,Singapore,23,0.00
47.245.126.151,2086,2086,false,SIN,Asia Pacific,Singapore,23,0.00
47.236.174.206,2086,2086,false,SIN,Asia Pacific,Singapore,23,0.00
8.219.229.190,2082,2082,false,SIN,Asia Pacific,Singapore,23,0.00
8.219.106.156,2086,2086,false,SIN,Asia Pacific,Singapore,23,0.00
47.237.100.206,8880,8880,false,SIN,Asia Pacific,Singapore,23,0.00
8.222.214.231,80,80,false,SIN,Asia Pacific,Singapore,23,0.00
8.222.150.197,2052,2052,false,SIN,Asia Pacific,Singapore,23,0.00
8.219.194.170,8080,8080,false,SIN,Asia Pacific,Singapore,23,0.00
8.222.180.86,2095,2095,false,SIN,Asia Pacific,Singapore,23,0.00
8.219.209.14,8880,8880,false,SIN,Asia Pacific,Singapore,23,0.00
47.236.169.15,8080,8080,false,SIN,Asia Pacific,Singapore,23,0.00
8.219.126.240,80,80,false,SIN,Asia Pacific,Singapore,23,0.00
47.236.172.71,80,80,false,SIN,Asia Pacific,Singapore,24,0.00
8.219.209.14,2086,2086,false,SIN,Asia Pacific,Singapore,24,0.00
47.236.104.11,80,80,false,SIN,Asia Pacific,Singapore,24,0.00
8.219.170.232,2086,2086,false,SIN,Asia Pacific,Singapore,24,0.00
8.219.111.175,80,80,false,SIN,Asia Pacific,Singapore,24,0.00
47.237.86.185,80,80,false,SIN,Asia Pacific,Singapore,24,0.00
47.236.130.95,8080,8080,false,SIN,Asia Pacific,Singapore,24,0.00
8.219.220.88,8080,8080,false,SIN,Asia Pacific,Singapore,24,0.00
47.236.144.48,8080,8080,false,SIN,Asia Pacific,Singapore,24,0.00
8.219.111.147,2086,2086,false,SIN,Asia Pacific,Singapore,24,0.00
47.236.144.196,2095,2095,false,SIN,Asia Pacific,Singapore,24,0.00
8.219.124.227,8880,8880,false,SIN,Asia Pacific,Singapore,24,0.00
47.236.232.148,2086,2086,false,SIN,Asia Pacific,Singapore,24,0.00
8.219.248.47,8080,8080,false,SIN,Asia Pacific,Singapore,24,0.00
8.222.215.228,80,80,false,SIN,Asia Pacific,Singapore,24,0.00
47.236.10.100,2082,2082,false,SIN,Asia Pacific,Singapore,24,0.00
47.236.170.54,80,80,false,SIN,Asia Pacific,Singapore,24,0.00
8.219.191.110,2086,2086,false,SIN,Asia Pacific,Singapore,24,0.00
8.219.87.30,2087,2087,true,SIN,Asia Pacific,Singapore,24,0.00
47.237.95.140,2052,2052,false,SIN,Asia Pacific,Singapore,24,0.00
47.236.117.48,2052,2052,false,SIN,Asia Pacific,Singapore,24,0.00
47.236.87.246,80,80,false,SIN,Asia Pacific,Singapore,24,0.00
47.236.10.182,2086,2086,false,SIN,Asia Pacific,Singapore,24,0.00
8.219.220.88,2082,2082,false,SIN,Asia Pacific,Singapore,24,0.00
47.236.104.11,2086,2086,false,SIN,Asia Pacific,Singapore,24,0.00
8.219.209.14,2086,2086,false,SIN,Asia Pacific,Singapore,24,0.00
8.219.248.47,8880,8880,false,SIN,Asia Pacific,Singapore,24,0.00
47.236.254.120,2086,2086,false,SIN,Asia Pacific,Singapore,24,0.00
8.222.222.64,8080,8080,false,SIN,Asia Pacific,Singapore,24,0.00
8.222.144.50,2086,2086,false,SIN,Asia Pacific,Singapore,24,0.00
8.219.0.162,2082,2082,false,SIN,Asia Pacific,Singapore,24,0.00
8.219.100.168,80,80,false,SIN,Asia Pacific,Singapore,24,0.00
47.236.170.54,8880,8880,false,SIN,Asia Pacific,Singapore,24,0.00
8.219.170.232,2052,2052,false,SIN,Asia Pacific,Singapore,24,0.00
8.222.167.147,2082,2082,false,SIN,Asia Pacific,Singapore,24,0.00
8.219.106.156,2052,2052,false,SIN,Asia Pacific,Singapore,24,0.00
8.219.83.201,2082,2082,false,SIN,Asia Pacific,Singapore,24,0.00
47.236.104.11,80,80,false,SIN,Asia Pacific,Singapore,24,0.00
47.237.100.206,2052,2052,false,SIN,Asia Pacific,Singapore,24,0.00
47.236.87.246,80,80,false,SIN,Asia Pacific,Singapore,24,0.00
47.237.83.20,2086,2086,false,SIN,Asia Pacific,Singapore,24,0.00
8.219.126.240,2095,2095,false,SIN,Asia Pacific,Singapore,24,0.00
8.219.202.130,2052,2052,false,SIN,Asia Pacific,Singapore,24,0.00
47.236.144.48,2052,2052,false,SIN,Asia Pacific,Singapore,24,0.00
47.236.80.110,2082,2082,false,SIN,Asia Pacific,Singapore,24,0.00
8.219.110.81,80,80,false,SIN,Asia Pacific,Singapore,24,0.00
8.222.136.247,2052,2052,false,SIN,Asia Pacific,Singapore,24,0.00
8.219.50.180,2053,2053,true,SIN,Asia Pacific,Singapore,24,0.00
47.236.130.95,80,80,false,SIN,Asia Pacific,Singapore,24,0.00
47.237.95.156,8080,8080,false,SIN,Asia Pacific,Singapore,24,0.00
8.219.110.81,2082,2082,false,SIN,Asia Pacific,Singapore,24,0.00
47.236.237.90,8080,8080,false,SIN,Asia Pacific,Singapore,24,0.00
47.236.202.91,8880,8880,false,SIN,Asia Pacific,Singapore,24,0.00
47.237.95.156,2082,2082,false,SIN,Asia Pacific,Singapore,24,0.00
8.222.165.117,80,80,false,SIN,Asia Pacific,Singapore,24,0.00
47.245.84.124,8080,8080,false,SIN,Asia Pacific,Singapore,24,0.00
47.236.170.225,80,80,false,SIN,Asia Pacific,Singapore,24,0.00
8.219.174.213,80,80,false,SIN,Asia Pacific,Singapore,24,0.00
8.222.187.4,2086,2086,false,SIN,Asia Pacific,Singapore,24,0.00
8.219.200.145,8880,8880,false,SIN,Asia Pacific,Singapore,24,0.00
47.237.10.1,8880,8880,false,SIN,Asia Pacific,Singapore,25,0.00
47.236.121.23,8080,8080,false,SIN,Asia Pacific,Singapore,25,0.00
8.219.193.202,2052,2052,false,SIN,Asia Pacific,Singapore,25,0.00
8.219.199.220,8880,8880,false,SIN,Asia Pacific,Singapore,25,0.00
8.222.162.45,2086,2086,false,SIN,Asia Pacific,Singapore,25,0.00
8.222.193.65,2095,2095,false,SIN,Asia Pacific,Singapore,25,0.00
8.219.104.37,80,80,false,SIN,Asia Pacific,Singapore,25,0.00
8.222.208.38,2086,2086,false,SIN,Asia Pacific,Singapore,25,0.00
8.222.144.50,2095,2095,false,SIN,Asia Pacific,Singapore,25,0.00
8.222.162.45,80,80,false,SIN,Asia Pacific,Singapore,25,0.00
8.219.126.240,8080,8080,false,SIN,Asia Pacific,Singapore,25,0.00
8.219.120.87,2095,2095,false,SIN,Asia Pacific,Singapore,25,0.00
47.236.169.141,2052,2052,false,SIN,Asia Pacific,Singapore,25,0.00
8.219.99.169,2086,2086,false,SIN,Asia Pacific,Singapore,25,0.00
8.222.187.4,8080,8080,false,SIN,Asia Pacific,Singapore,25,0.00
47.236.171.205,2095,2095,false,SIN,Asia Pacific,Singapore,25,0.00
8.219.11.158,2052,2052,false,SIN,Asia Pacific,Singapore,25,0.00
47.236.168.17,2086,2086,false,SIN,Asia Pacific,Singapore,25,0.00
8.219.202.130,8880,8880,false,SIN,Asia Pacific,Singapore,25,0.00
47.74.155.26,80,80,false,SIN,Asia Pacific,Singapore,25,0.00
8.219.142.191,8880,8880,false,SIN,Asia Pacific,Singapore,25,0.00
8.222.174.108,2095,2095,false,SIN,Asia Pacific,Singapore,25,0.00
8.222.160.176,2082,2082,false,SIN,Asia Pacific,Singapore,25,0.00
8.219.193.202,2086,2086,false,SIN,Asia Pacific,Singapore,25,0.00
8.219.83.201,8880,8880,false,SIN,Asia Pacific,Singapore,25,0.00
8.219.200.145,2052,2052,false,SIN,Asia Pacific,Singapore,25,0.00
8.219.67.133,8080,8080,false,SIN,Asia Pacific,Singapore,25,0.00
47.236.150.13,8880,8880,false,SIN,Asia Pacific,Singapore,25,0.00
8.222.160.176,2095,2095,false,SIN,Asia Pacific,Singapore,25,0.00
8.219.78.1,8080,8080,false,SIN,Asia Pacific,Singapore,25,0.00
47.237.14.220,8880,8880,false,SIN,Asia Pacific,Singapore,25,0.00
8.222.134.170,2082,2082,false,SIN,Asia Pacific,Singapore,25,0.00
8.222.184.198,2082,2082,false,SIN,Asia Pacific,Singapore,25,0.00
47.236.102.102,8880,8880,false,SIN,Asia Pacific,Singapore,25,0.00
8.219.83.201,2086,2086,false,SIN,Asia Pacific,Singapore,25,0.00
8.222.134.170,2095,2095,false,SIN,Asia Pacific,Singapore,25,0.00
8.219.209.14,2052,2052,false,SIN,Asia Pacific,Singapore,25,0.00
47.236.237.90,2095,2095,false,SIN,Asia Pacific,Singapore,25,0.00
8.222.167.147,2052,2052,false,SIN,Asia Pacific,Singapore,25,0.00
8.219.126.240,8880,8880,false,SIN,Asia Pacific,Singapore,25,0.00
47.236.205.188,2052,2052,false,SIN,Asia Pacific,Singapore,25,0.00
8.219.106.156,80,80,false,SIN,Asia Pacific,Singapore,25,0.00
8.222.180.86,2052,2052,false,SIN,Asia Pacific,Singapore,25,0.00
47.236.75.152,80,80,false,SIN,Asia Pacific,Singapore,25,0.00
8.219.198.34,8880,8880,false,SIN,Asia Pacific,Singapore,25,0.00
8.219.174.142,2052,2052,false,SIN,Asia Pacific,Singapore,25,0.00
47.245.105.224,80,80,false,SIN,Asia Pacific,Singapore,25,0.00
8.219.83.71,2082,2082,false,SIN,Asia Pacific,Singapore,25,0.00
47.237.8.82,2052,2052,false,SIN,Asia Pacific,Singapore,25,0.00
47.236.93.176,80,80,false,SIN,Asia Pacific,Singapore,25,0.00
8.219.210.64,2052,2052,false,SIN,Asia Pacific,Singapore,25,0.00
8.222.150.197,8080,8080,false,SIN,Asia Pacific,Singapore,25,0.00
8.219.235.164,2086,2086,false,SIN,Asia Pacific,Singapore,25,0.00
8.219.198.34,2095,2095,false,SIN,Asia Pacific,Singapore,25,0.00
8.219.113.232,2052,2052,false,SIN,Asia Pacific,Singapore,25,0.00
47.237.82.15,8880,8880,false,SIN,Asia Pacific,Singapore,25,0.00
8.222.222.64,2086,2086,false,SIN,Asia Pacific,Singapore,25,0.00
47.236.117.48,80,80,false,SIN,Asia Pacific,Singapore,25,0.00
8.219.84.214,8080,8080,false,SIN,Asia Pacific,Singapore,25,0.00
8.219.201.245,8080,8080,false,SIN,Asia Pacific,Singapore,25,0.00
8.219.111.147,8443,8443,true,SIN,Asia Pacific,Singapore,25,0.00
47.236.149.107,2052,2052,false,SIN,Asia Pacific,Singapore,25,0.00
47.237.83.20,8880,8880,false,SIN,Asia Pacific,Singapore,25,0.00
47.237.95.13,8080,8080,false,SIN,Asia Pacific,Singapore,26,0.00
47.236.80.110,8080,8080,false,SIN,Asia Pacific,Singapore,26,0.00
47.236.237.90,2052,2052,false,SIN,Asia Pacific,Singapore,26,0.00
8.222.169.222,2052,2052,false,SIN,Asia Pacific,Singapore,26,0.00
8.219.65.216,80,80,false,SIN,Asia Pacific,Singapore,26,0.00
8.219.103.65,2087,2087,true,SIN,Asia Pacific,Singapore,26,0.00
47.236.169.15,2082,2082,false,SIN,Asia Pacific,Singapore,26,0.00
47.236.102.102,8880,8880,false,SIN,Asia Pacific,Singapore,26,0.00
8.219.235.164,2052,2052,false,SIN,Asia Pacific,Singapore,26,0.00
8.222.136.247,8880,8880,false,SIN,Asia Pacific,Singapore,26,0.00
47.236.150.13,2095,2095,false,SIN,Asia Pacific,Singapore,26,0.00
47.236.189.92,80,80,false,SIN,Asia Pacific,Singapore,26,0.00
8.219.201.8,8080,8080,false,SIN,Asia Pacific,Singapore,26,0.00
8.222.208.38,2095,2095,false,SIN,Asia Pacific,Singapore,26,0.00
8.222.187.4,80,80,false,SIN,Asia Pacific,Singapore,26,0.00
8.222.208.38,80,80,false,SIN,Asia Pacific,Singapore,26,0.00
8.222.214.231,8080,8080,false,SIN,Asia Pacific,Singapore,26,0.00
8.219.177.205,2086,2086,false,SIN,Asia Pacific,Singapore,26,0.00
47.236.202.91,2052,2052,false,SIN,Asia Pacific,Singapore,26,0.00
8.222.162.45,2082,2082,false,SIN,Asia Pacific,Singapore,26,0.00
47.236.118.216,80,80,false,SIN,Asia Pacific,Singapore,26,0.00
8.222.208.38,2052,2052,false,SIN,Asia Pacific,Singapore,26,0.00
47.236.169.164,80,80,false,SIN,Asia Pacific,Singapore,26,0.00
47.236.10.182,8080,8080,false,SIN,Asia Pacific,Singapore,26,0.00
47.236.102.102,2086,2086,false,SIN,Asia Pacific,Singapore,26,0.00
8.222.215.228,2082,2082,false,SIN,Asia Pacific,Singapore,26,0.00
47.236.121.23,80,80,false,SIN,Asia Pacific,Singapore,26,0.00
8.219.200.145,80,80,false,SIN,Asia Pacific,Singapore,26,0.00
47.236.9.152,8880,8880,false,SIN,Asia Pacific,Singapore,26,0.00
47.236.97.90,2052,2052,false,SIN,Asia Pacific,Singapore,26,0.00
8.222.179.231,8080,8080,false,SIN,Asia Pacific,Singapore,26,0.00
47.236.17.193,2052,2052,false,SIN,Asia Pacific,Singapore,26,0.00
47.236.171.205,8080,8080,false,SIN,Asia Pacific,Singapore,26,0.00
8.219.1.92,2082,2082,false,SIN,Asia Pacific,Singapore,26,0.00
47.237.11.182,2082,2082,false,SIN,Asia Pacific,Singapore,26,0.00
47.236.93.176,2052,2052,false,SIN,Asia Pacific,Singapore,26,0.00
47.236.80.110,2052,2052,false,SIN,Asia Pacific,Singapore,26,0.00
8.219.198.34,2082,2082,false,SIN,Asia Pacific,Singapore,26,0.00
47.236.158.158,8080,8080,false,SIN,Asia Pacific,Singapore,26,0.00
47.236.5.223,80,80,false,SIN,Asia Pacific,Singapore,26,0.00
47.236.189.92,2095,2095,false,SIN,Asia Pacific,Singapore,26,0.00
47.236.166.131,8080,8080,false,SIN,Asia Pacific,Singapore,26,0.00
8.219.126.240,2082,2082,false,SIN,Asia Pacific,Singapore,26,0.00
47.236.144.196,2082,2082,false,SIN,Asia Pacific,Singapore,26,0.00
47.237.100.206,2095,2095,false,SIN,Asia Pacific,Singapore,26,0.00
8.219.124.227,8080,8080,false,SIN,Asia Pacific,Singapore,26,0.00
8.222.162.45,2086,2086,false,SIN,Asia Pacific,Singapore,26,0.00
8.219.210.57,80,80,false,SIN,Asia Pacific,Singapore,26,0.00
8.222.180.86,8880,8880,false,SIN,Asia Pacific,Singapore,26,0.00
8.222.237.131,2052,2052,false,SIN,Asia Pacific,Singapore,27,0.00
47.236.75.152,2052,2052,false,SIN,Asia Pacific,Singapore,27,0.00
47.236.5.223,2082,2082,false,SIN,Asia Pacific,Singapore,27,0.00
8.222.160.176,80,80,false,SIN,Asia Pacific,Singapore,27,0.00
47.236.10.100,8880,8880,false,SIN,Asia Pacific,Singapore,27,0.00
8.219.248.47,2052,2052,false,SIN,Asia Pacific,Singapore,27,0.00
8.222.165.117,2086,2086,false,SIN,Asia Pacific,Singapore,27,0.00
8.219.97.50,8880,8880,false,SIN,Asia Pacific,Singapore,27,0.00
8.219.174.142,2086,2086,false,SIN,Asia Pacific,Singapore,27,0.00
8.222.150.197,8880,8880,false,SIN,Asia Pacific,Singapore,27,0.00
8.222.136.247,80,80,false,SIN,Asia Pacific,Singapore,27,0.00
8.219.1.92,2086,2086,false,SIN,Asia Pacific,Singapore,27,0.00
47.237.11.182,2052,2052,false,SIN,Asia Pacific,Singapore,27,0.00
8.219.78.188,2082,2082,false,SIN,Asia Pacific,Singapore,27,0.00
47.237.95.13,2052,2052,false,SIN,Asia Pacific,Singapore,27,0.00
47.237.121.38,8880,8880,false,SIN,Asia Pacific,Singapore,27,0.00
47.237.84.173,2052,2052,false,SIN,Asia Pacific,Singapore,27,0.00
47.237.95.13,2082,2082,false,SIN,Asia Pacific,Singapore,27,0.00
8.222.180.86,8080,8080,false,SIN,Asia Pacific,Singapore,27,0.00
8.219.117.198,2052,2052,false,SIN,Asia Pacific,Singapore,27,0.00
8.219.78.1,2052,2052,false,SIN,Asia Pacific,Singapore,27,0.00
8.222.167.147,8880,8880,false,SIN,Asia Pacific,Singapore,27,0.00
47.236.9.152,80,80,false,SIN,Asia Pacific,Singapore,27,0.00
47.236.123.133,80,80,false,SIN,Asia Pacific,Singapore,27,0.00
8.219.220.88,80,80,false,SIN,Asia Pacific,Singapore,27,0.00
47.236.17.193,8880,8880,false,SIN,Asia Pacific,Singapore,27,0.00
8.222.208.38,8080,8080,false,SIN,Asia Pacific,Singapore,27,0.00
8.222.160.176,8880,8880,false,SIN,Asia Pacific,Singapore,27,0.00
47.236.144.156,2082,2082,false,SIN,Asia Pacific,Singapore,27,0.00
8.222.214.231,8080,8080,false,SIN,Asia Pacific,Singapore,27,0.00
8.219.117.198,2086,2086,false,SIN,Asia Pacific,Singapore,27,0.00
8.222.167.147,2095,2095,false,SIN,Asia Pacific,Singapore,27,0.00
47.237.11.182,2095,2095,false,SIN,Asia Pacific,Singapore,27,0.00
47.236.83.239,2052,2052,false,SIN,Asia Pacific,Singapore,27,0.00
8.222.183.242,80,80,false,SIN,Asia Pacific,Singapore,27,0.00
47.237.10.1,8080,8080,false,SIN,Asia Pacific,Singapore,27,0.00
47.236.5.223,2082,2082,false,SIN,Asia Pacific,Singapore,27,0.00
8.219.0.48,8880,8880,false,SIN,Asia Pacific,Singapore,27,0.00
8.222.156.242,2082,2082,false,SIN,Asia Pacific,Singapore,27,0.00
8.222.244.192,8880,8880,false,SIN,Asia Pacific,Singapore,27,0.00
47.236.174.206,80,80,false,SIN,Asia Pacific,Singapore,27,0.00
47.236.202.91,2095,2095,false,SIN,Asia Pacific,Singapore,27,0.00
8.219.77.222,2052,2052,false,SIN,Asia Pacific,Singapore,28,0.00
47.236.75.113,8080,8080,false,SIN,Asia Pacific,Singapore,28,0.00
47.236.144.196,2082,2082,false,SIN,Asia Pacific,Singapore,28,0.00
47.236.17.193,2082,2082,false,SIN,Asia Pacific,Singapore,28,0.00
8.219.210.64,80,80,false,SIN,Asia Pacific,Singapore,28,0.00
8.219.177.205,2082,2082,false,SIN,Asia Pacific,Singapore,28,0.00
47.236.165.25,2095,2095,false,SIN,Asia Pacific,Singapore,28,0.00
8.219.122.55,8880,8880,false,SIN,Asia Pacific,Singapore,28,0.00
47.237.94.140,8880,8880,false,SIN,Asia Pacific,Singapore,28,0.00
8.222.162.45,2082,2082,false,SIN,Asia Pacific,Singapore,28,0.00
8.219.5.10,2086,2086,false,SIN,Asia Pacific,Singapore,28,0.00
8.219.177.205,2095,2095,false,SIN,Asia Pacific,Singapore,28,0.00
47.237.100.206,2086,2086,false,SIN,Asia Pacific,Singapore,28,0.00
47.236.83.239,2052,2052,false,SIN,Asia Pacific,Singapore,28,0.00
47.236.172.71,8080,8080,false,SIN,Asia Pacific,Singapore,28,0.00
47.236.202.91,2086,2086,false,SIN,Asia Pacific,Singapore,28,0.00
8.219.1.92,2052,2052,false,SIN,Asia Pacific,Singapore,28,0.00
47.236.83.239,2082,2082,false,SIN,Asia Pacific,Singapore,28,0.00
8.219.200.145,2082,2082,false,SIN,Asia Pacific,Singapore,28,0.00
8.222.179.231,2086,2086,false,SIN,Asia Pacific,Singapore,28,0.00
47.236.172.71,2082,2082,false,SIN,Asia Pacific,Singapore,28,0.00
47.236.189.92,2052,2052,false,SIN,Asia Pacific,Singapore,28,0.00
47.236.169.164,2095,2095,false,SIN,Asia Pacific,Singapore,28,0.00
8.219.161.129,2082,2082,false,SIN,Asia Pacific,Singapore,28,0.00
8.219.6.150,2052,2052,false,SIN,Asia Pacific,Singapore,28,0.00
47.237.94.140,2095,2095,false,SIN,Asia Pacific,Singapore,28,0.00
47.236.170.225,8080,8080,false,SIN,Asia Pacific,Singapore,28,0.00
47.237.0.31,80,80,false,SIN,Asia Pacific,Singapore,28,0.00
8.219.198.34,2086,2086,false,SIN,Asia Pacific,Singapore,28,0.00
47.236.97.90,8080,8080,false,SIN,Asia Pacific,Singapore,28,0.00
8.222.184.198,2095,2095,false,SIN,Asia Pacific,Singapore,28,0.00
8.219.200.145,8080,8080,false,SIN,Asia Pacific,Singapore,29,0.00
8.219.210.64,8080,8080,false,SIN,Asia Pacific,Singapore,29,0.00
47.237.82.15,2082,2082,false,SIN,Asia Pacific,Singapore,29,0.00
8.219.220.88,8880,8880,false,SIN,Asia Pacific,Singapore,29,0.00
47.236.171.205,2086,2086,false,SIN,Asia Pacific,Singapore,29,0.00
8.219.198.34,80,80,false,SIN,Asia Pacific,Singapore,29,0.00
8.219.40.37,2095,2095,false,SIN,Asia Pacific,Singapore,29,0.00
47.236.205.188,8880,8880,false,SIN,Asia Pacific,Singapore,29,0.00
47.236.150.13,2082,2082,false,SIN,Asia Pacific,Singapore,29,0.00
8.222.146.222,80,80,false,SIN,Asia Pacific,Singapore,29,0.00
47.236.170.54,2082,2082,false,SIN,Asia Pacific,Singapore,29,0.00
47.236.149.107,2052,2052,false,SIN,Asia Pacific,Singapore,29,0.00
8.222.169.222,8080,8080,false,SIN,Asia Pacific,Singapore,29,0.00
47.236.169.164,2052,2052,false,SIN,Asia Pacific,Singapore,29,0.00
8.222.237.131,2082,2082,false,SIN,Asia Pacific,Singapore,29,0.00
8.219.132.64,2082,2082,false,SIN,Asia Pacific,Singapore,29,0.00
8.222.193.65,2095,2095,false,SIN,Asia Pacific,Singapore,29,0.00
47.236.169.15,2052,2052,false,SIN,Asia Pacific,Singapore,29,0.00
47.236.180.24,2052,2052,false,SIN,Asia Pacific,Singapore,29,0.00
47.237.14.220,8080,8080,false,SIN,Asia Pacific,Singapore,29,0.00
47.236.174.206,2052,2052,false,SIN,Asia Pacific,Singapore,29,0.00
47.236.174.206,8880,8880,false,SIN,Asia Pacific,Singapore,29,0.00
8.219.237.250,8880,8880,false,SIN,Asia Pacific,Singapore,29,0.00
47.237.92.26,80,80,false,SIN,Asia Pacific,Singapore,29,0.00
47.236.130.95,80,80,false,SIN,Asia Pacific,Singapore,29,0.00
47.236.169.141,8880,8880,false,SIN,Asia Pacific,Singapore,29,0.00
47.236.145.85,2095,2095,false,SIN,Asia Pacific,Singapore,29,0.00
8.219.122.55,2053,2053,true,SIN,Asia Pacific,Singapore,29,0.00
8.222.162.45,2052,2052,false,SIN,Asia Pacific,Singapore,29,0.00
47.236.93.176,8880,8880,false,SIN,Asia Pacific,Singapore,29,0.00
47.236.180.24,8080,8080,false,SIN,Asia Pacific,Singapore,29,0.00
8.219.0.162,2095,2095,false,SIN,Asia Pacific,Singapore,29,0.00
8.219.103.65,2086,2086,false,SIN,Asia Pacific,Singapore,29,0.00
8.219.40.37,80,80,false,SIN,Asia Pacific,Singapore,29,0.00
47.236.146.249,2052,2052,false,SIN,Asia Pacific,Singapore,30,0.00
47.236.158.158,8080,8080,false,SIN,Asia Pacific,Singapore,30,0.00
8.222.144.50,8080,8080,false,SIN,Asia Pacific,Singapore,30,0.00
8.219.67.133,2086,2086,false,SIN,Asia Pacific,Singapore,30,0.00
8.219.97.50,2082,2082,false,SIN,Asia Pacific,Singapore,30,0.00
47.236.75.152,2095,2095,false,SIN,Asia Pacific,Singapore,30,0.00
47.236.170.54,8080,8080,false,SIN,Asia Pacific,Singapore,30,0.00
47.236.118.216,2086,2086,false,SIN,Asia Pacific,Singapore,30,0.00
8.222.249.190,2052,2052,false,SIN,Asia Pacific,Singapore,30,0.00
47.236.254.120,8880,8880,false,SIN,Asia Pacific,Singapore,30,0.00
8.219.177.205,8080,8080,false,SIN,Asia Pacific,Singapore,30,0.00
47.236.123.133,2086,2086,false,SIN,Asia Pacific,Singapore,30,0.00
47.236.123.133,8080,8080,false,SIN,Asia Pacific,Singapore,30,0.00
47.237.83.20,2052,2052,false,SIN,Asia Pacific,Singapore,30,0.00
8.219.193.202,2095,2095,false,SIN,Asia Pacific,Singapore,30,0.00
47.237.95.146,2082,2082,false,SIN,Asia Pacific,Singapore,30,0.00
47.236.9.152,2082,2082,false,SIN,Asia Pacific,Singapore,30,0.00
8.219.122.55,2082,2082,false,SIN,Asia Pacific,Singapore,30,0.00
47.236.169.164,2086,2086,false,SIN,Asia Pacific,Singapore,30,0.00
47.237.92.26,8880,8880,false,SIN,Asia Pacific,Singapore,30,0.00
8.222.208.38,8880,8880,false,SIN,Asia Pacific,Singapore,30,0.00
47.236.17.193,8080,8080,false,SIN,Asia Pacific,Singapore,30,0.00
47.236.164.215,8080,8080,false,SIN,Asia Pacific,Singapore,30,0.00
8.222.183.242,2082,2082,false,SIN,Asia Pacific,Singapore,30,0.00
8.222.150.197,2095,2095,false,SIN,Asia Pacific,Singapore,30,0.00
8.219.210.64,2082,2082,false,SIN,Asia Pacific,Singapore,30,0.00
47.237.0.31,2052,2052,false,SIN,Asia Pacific,Singapore,30,0.00
47.236.158.158,80,80,false,SIN,Asia Pacific,Singapore,30,0.00
8.219.113.232,8080,8080,false,SIN,Asia Pacific,Singapore,30,0.00
47.236.5.223,80,80,false,SIN,Asia Pacific,Singapore,30,0.00
8.219.98.13,80,80,false,SIN,Asia Pacific,Singapore,30,0.00
8.219.198.139,8880,8880,false,SIN,Asia Pacific,Singapore,30,0.00
8.222.174.108,2086,2086,false,SIN,Asia Pacific,Singapore,30,0.00
47.237.8.82,2095,2095,false,SIN,Asia Pacific,Singapore,30,0.00
47.236.10.182,2086,2086,false,SIN,Asia Pacific,Singapore,31,0.00
47.237.81.112,2095,2095,false,SIN,Asia Pacific,Singapore,31,0.00
47.237.92.26,2095,2095,false,SIN,Asia Pacific,Singapore,31,0.00
47.236.17.193,8880,8880,false,SIN,Asia Pacific,Singapore,31,0.00
8.219.142.191,80,80,false,SIN,Asia Pacific,Singapore,31,0.00
8.222.162.45,2052,2052,false,SIN,Asia Pacific,Singapore,31,0.00
8.219.114.201,2095,2095,false,SIN,Asia Pacific,Singapore,31,0.00
8.222.134.170,2095,2095,false,SIN,Asia Pacific,Singapore,31,0.00
47.236.121.23,8880,8880,false,SIN,Asia Pacific,Singapore,31,0.00
47.236.237.90,2082,2082,false,SIN,Asia Pacific,Singapore,31,0.00
47.236.150.13,8080,8080,false,SIN,Asia Pacific,Singapore,31,0.00
47.237.82.15,80,80,false,SIN,Asia Pacific,Singapore,31,0.00
8.219.100.168,2086,2086,false,SIN,Asia Pacific,Singapore,31,0.00
47.236.169.15,80,80,false,SIN,Asia Pacific,Singapore,31,0.00
8.219.98.13,8880,8880,false,SIN,Asia Pacific,Singapore,31,0.00
47.236.180.51,2095,2095,false,SIN,Asia Pacific,Singapore,31,0.00
8.222.249.190,2095,2095,false,SIN,Asia Pacific,Singapore,31,0.00
8.212.41.98,80,80,false,SIN,Asia Pacific,Singapore,31,0.00
47.236.144.196,2052,2052,false,SIN,Asia Pacific,Singapore,31,0.00
8.219.198.139,8080,8080,false,SIN,Asia Pacific,Singapore,31,0.00
47.236.117.48,8880,8880,false,SIN,Asia Pacific,Singapore,31,0.00
8.222.249.190,80,80,false,SIN,Asia Pacific,Singapore,31,0.00
8.219.198.34,2095,2095,false,SIN,Asia Pacific,Singapore,31,0.00
8.219.174.142,2095,2095,false,SIN,Asia Pacific,Singapore,31,0.00
8.219.139.13,8443,8443,true,SIN,Asia Pacific,Singapore,31,0.00
47.236.10.182,2095,2095,false,SIN,Asia Pacific,Singapore,31,0.00
8.219.1.92,8080,8080,false,SIN,Asia Pacific,Singapore,31,0.00
8.219.222.98,2052,2052,false,SIN,Asia Pacific,Singapore,31,0.00
47.237.92.26,2082,2082,false,SIN,Asia Pacific,Singapore,31,0.00
8.222.150.197,8880,8880,false,SIN,Asia Pacific,Singapore,31,0.00
8.219.93.5,2095,2095,false,SIN,Asia Pacific,Singapore,32,0.00
47.236.87.246,8880,8880,false,SIN,Asia Pacific,Singapore,32,0.00
47.236.253.41,2082,2082,false,SIN,Asia Pacific,Singapore,32,0.00
8.222.181.117,2082,2082,false,SIN,Asia Pacific,Singapore,32,0.00
8.222.249.190,80,80,false,SIN,Asia Pacific,Singapore,32,0.00
47.236.170.225,2095,2095,false,SIN,Asia Pacific,Singapore,32,0.00
8.219.139.13,2095,2095,false,SIN,Asia Pacific,Singapore,32,0.00
47.236.121.23,2082,2082,false,SIN,Asia Pacific,Singapore,32,0.00
47.236.10.100,2086,2086,false,SIN,Asia Pacific,Singapore,32,0.00
8.222.180.86,2095,2095,false,SIN,Asia Pacific,Singapore,32,0.00
47.250.13.77,80,443,true,SIN,Asia Pacific,Singapore,32,0.00
47.236.144.48,2086,2086,false,SIN,Asia Pacific,Singapore,32,0.00
8.219.51.211,2095,2095,false,SIN,Asia Pacific,Singapore,32,0.00
47.236.10.182,8080,8080,false,SIN,Asia Pacific,Singapore,32,0.00
8.219.114.201,2086,2086,false,SIN,Asia Pacific,Singapore,32,0.00
8.222.184.198,2052,2052,false,SIN,Asia Pacific,Singapore,32,0.00
8.222.137.192,8080,8080,false,SIN,Asia Pacific,Singapore,32,0.00
47.236.167.231,80,80,false,SIN,Asia Pacific,Singapore,32,0.00
47.236.237.90,80,80,false,SIN,Asia Pacific,Singapore,32,0.00
47.237.95.146,8880,8880,false,SIN,Asia Pacific,Singapore,32,0.00
47.236.180.51,80,80,false,SIN,Asia Pacific,Singapore,32,0.00
8.219.194.170,2082,2082,false,SIN,Asia Pacific,Singapore,32,0.00
47.236.80.110,80,80,false,SIN,Asia Pacific,Singapore,32,0.00
8.222.191.138,2095,2095,false,SIN,Asia Pacific,Singapore,32,0.00
47.236.144.48,2082,2082,false,SIN,Asia Pacific,Singapore,32,0.00
47.236.123.133,8880,8880,false,SIN,Asia Pacific,Singapore,32,0.00
8.219.60.54,2095,2095,false,SIN,Asia Pacific,Singapore,32,0.00
8.222.249.190,2082,2082,false,SIN,Asia Pacific,Singapore,32,0.00
8.219.235.164,8080,8080,false,SIN,Asia Pacific,Singapore,32,0.00
47.236.102.102,8080,8080,false,SIN,Asia Pacific,Singapore,32,0.00
8.218.3.12,80,80,false,HKG,Asia Pacific,Hong Kong,32,0.00
47.237.10.1,2095,2095,false,SIN,Asia Pacific,Singapore,32,0.00
8.219.78.188,8880,8880,false,SIN,Asia Pacific,Singapore,32,0.00
8.219.161.129,80,80,false,SIN,Asia Pacific,Singapore,32,0.00
47.236.144.156,2082,2082,false,SIN,Asia Pacific,Singapore,32,0.00
8.223.2.222,80,80,false,SIN,Asia Pacific,Singapore,33,0.00
47.236.170.225,8880,8880,false,SIN,Asia Pacific,Singapore,33,0.00
8.219.100.168,2082,2082,false,SIN,Asia Pacific,Singapore,33,0.00
8.219.0.48,80,80,false,SIN,Asia Pacific,Singapore,33,0.00
47.236.168.17,8080,8080,false,SIN,Asia Pacific,Singapore,33,0.00
8.219.83.71,8443,8443,true,SIN,Asia Pacific,Singapore,33,0.00
47.242.176.237,80,80,false,HKG,Asia Pacific,Hong Kong,33,0.00
47.236.169.141,2052,2052,false,SIN,Asia Pacific,Singapore,33,0.00
8.219.99.169,80,80,false,SIN,Asia Pacific,Singapore,33,0.00
47.236.254.120,2095,2095,false,SIN,Asia Pacific,Singapore,33,0.00
8.219.110.81,2095,2095,false,SIN,Asia Pacific,Singapore,33,0.00
47.237.0.31,80,80,false,SIN,Asia Pacific,Singapore,33,0.00
8.219.201.245,8880,8880,false,SIN,Asia Pacific,Singapore,33,0.00
47.236.9.152,2052,2052,false,SIN,Asia Pacific,Singapore,33,0.00
8.219.117.198,2095,2095,false,SIN,Asia Pacific,Singapore,33,0.00
8.218.3.12,2086,2086,false,HKG,Asia Pacific,Hong Kong,33,0.00
8.218.8.142,2086,2086,false,HKG,Asia Pacific,Hong Kong,33,0.00
8.219.198.139,2086,2086,false,SIN,Asia Pacific,Singapore,33,0.00
47.237.0.31,8080,8080,false,SIN,Asia Pacific,Singapore,33,0.00
8.222.134.170,80,80,false,SIN,Asia Pacific,Singapore,33,0.00
47.236.174.206,8080,8080,false,SIN,Asia Pacific,Singapore,33,0.00
47.236.75.113,2095,2095,false,SIN,Asia Pacific,Singapore,33,0.00
47.236.104.11,8880,8880,false,SIN,Asia Pacific,Singapore,33,0.00
8.219.210.64,2086,2086,false,SIN,Asia Pacific,Singapore,33,0.00
8.218.126.53,80,80,false,HKG,Asia Pacific,Hong Kong,33,0.00
8.222.156.242,2095,2095,false,SIN,Asia Pacific,Singapore,33,0.00
8.219.97.50,8080,8080,false,SIN,Asia Pacific,Singapore,33,0.00
47.236.104.11,8080,8080,false,SIN,Asia Pacific,Singapore,33,0.00
47.236.237.90,2086,2086,false,SIN,Asia Pacific,Singapore,33,0.00
8.219.103.65,8880,8880,false,SIN,Asia Pacific,Singapore,33,0.00
47.242.176.237,8080,8080,false,HKG,Asia Pacific,Hong Kong,33,0.00
8.222.179.231,8080,8080,false,SIN,Asia Pacific,Singapore,33,0.00
8.219.4.122,2082,2082,false,SIN,Asia Pacific,Singapore,33,0.00
8.219.220.88,2086,2086,false,SIN,Asia Pacific,Singapore,33,0.00
47.243.173.187,2052,2052,false,HKG,Asia Pacific,Hong Kong,33,0.00
8.219.220.88,2052,2052,false,SIN,Asia Pacific,Singapore,33,0.00
47.236.166.131,2095,2095,false,SIN,Asia Pacific,Singapore,33,0.00
8.218.3.12,2082,2082,false,HKG,Asia Pacific,Hong Kong,33,0.00
8.218.8.142,2082,2082,false,HKG,Asia Pacific,Hong Kong,33,0.00
8.219.193.202,2095,2095,false,SIN,Asia Pacific,Singapore,33,0.00
8.218.222.36,2052,2052,false,HKG,Asia Pacific,Hong Kong,34,0.00
8.219.84.214,8080,8080,false,SIN,Asia Pacific,Singapore,34,0.00
47.236.253.41,8880,8880,false,SIN,Asia Pacific,Singapore,34,0.00
8.219.5.10,2095,2095,false,SIN,Asia Pacific,Singapore,34,0.00
47.76.37.57,2052,2052,false,HKG,Asia Pacific,Hong Kong,34,0.00
8.222.184.198,2095,2095,false,SIN,Asia Pacific,Singapore,34,0.00
47.236.165.25,2086,2086,false,SIN,Asia Pacific,Singapore,34,0.00
8.217.106.47,80,80,false,HKG,Asia Pacific,Hong Kong,34,0.00
47.76.98.98,2052,2052,false,HKG,Asia Pacific,Hong Kong,34,0.00
47.237.95.156,2086,2086,false,SIN,Asia Pacific,Singapore,34,0.00
47.245.114.163,80,80,false,SIN,Asia Pacific,Singapore,34,0.00
8.222.191.138,8080,8080,false,SIN,Asia Pacific,Singapore,34,0.00
47.236.205.188,8080,8080,false,SIN,Asia Pacific,Singapore,34,0.00
8.210.55.134,8880,8880,false,HKG,Asia Pacific,Hong Kong,34,0.00
8.217.250.222,8080,8080,false,HKG,Asia Pacific,Hong Kong,34,0.00
8.222.150.197,8080,8080,false,SIN,Asia Pacific,Singapore,34,0.00
47.236.144.156,2052,2052,false,SIN,Asia Pacific,Singapore,34,0.00
47.236.169.164,2052,2052,false,SIN,Asia Pacific,Singapore,34,0.00
47.243.27.217,8880,8880,false,HKG,Asia Pacific,Hong Kong,34,0.00
8.218.207.169,2082,2082,false,HKG,Asia Pacific,Hong Kong,34,0.00
47.236.253.41,2086,2086,false,SIN,Asia Pacific,Singapore,34,0.00
47.238.35.50,8880,8880,false,HKG,Asia Pacific,Hong Kong,34,0.00
47.243.169.63,8880,8880,false,HKG,Asia Pacific,Hong Kong,34,0.00
8.218.98.75,2052,2052,false,HKG,Asia Pacific,Hong Kong,34,0.00
8.210.174.156,80,80,false,HKG,Asia Pacific,Hong Kong,34,0.00
47.237.121.38,2052,2052,false,SIN,Asia Pacific,Singapore,34,0.00
8.222.193.65,2052,2052,false,SIN,Asia Pacific,Singapore,34,0.00
47.76.178.146,2086,2086,false,HKG,Asia Pacific,Hong Kong,34,0.00
8.218.8.142,8880,8880,false,HKG,Asia Pacific,Hong Kong,34,0.00
8.219.201.245,2086,2086,false,SIN,Asia Pacific,Singapore,34,0.00
8.218.18.235,2082,2082,false,HKG,Asia Pacific,Hong Kong,34,0.00
8.219.229.190,2052,2052,false,SIN,Asia Pacific,Singapore,34,0.00
8.219.93.5,2052,2052,false,SIN,Asia Pacific,Singapore,34,0.00
47.243.169.63,80,80,false,HKG,Asia Pacific,Hong Kong,34,0.00
8.222.156.242,8880,8880,false,SIN,Asia Pacific,Singapore,34,0.00
47.243.255.224,8080,8080,false,HKG,Asia Pacific,Hong Kong,34,0.00
8.218.211.17,8880,8880,false,HKG,Asia Pacific,Hong Kong,34,0.00
8.210.21.65,2052,2052,false,HKG,Asia Pacific,Hong Kong,34,0.00
8.217.50.252,2082,2082,false,HKG,Asia Pacific,Hong Kong,34,0.00
8.218.122.55,80,80,false,HKG,Asia Pacific,Hong Kong,34,0.00
47.237.125.8,2082,2082,false,SIN,Asia Pacific,Singapore,34,0.00
8.210.39.96,80,80,false,HKG,Asia Pacific,Hong Kong,34,0.00
47.236.10.182,80,80,false,SIN,Asia Pacific,Singapore,34,0.00
8.210.192.93,2082,2082,false,HKG,Asia Pacific,Hong Kong,34,0.00
47.236.253.41,8080,8080,false,SIN,Asia Pacific,Singapore,34,0.00
47.242.183.7,8080,8080,false,HKG,Asia Pacific,Hong Kong,35,0.00
47.243.234.9,2052,2052,false,HKG,Asia Pacific,Hong Kong,35,0.00
8.210.39.96,8880,8880,false,HKG,Asia Pacific,Hong Kong,35,0.00
47.243.90.180,2095,2095,false,HKG,Asia Pacific,Hong Kong,35,0.00
47.76.98.98,8880,8880,false,HKG,Asia Pacific,Hong Kong,35,0.00
8.210.175.109,8080,8080,false,HKG,Asia Pacific,Hong Kong,35,0.00
8.219.99.169,8080,8080,false,SIN,Asia Pacific,Singapore,35,0.00
8.210.175.109,2086,2086,false,HKG,Asia Pacific,Hong Kong,35,0.00
8.219.42.72,2086,2086,false,SIN,Asia Pacific,Singapore,35,0.00
8.217.123.243,2086,2086,false,HKG,Asia Pacific,Hong Kong,35,0.00
8.210.21.65,2082,2082,false,HKG,Asia Pacific,Hong Kong,35,0.00
47.76.233.67,2095,2095,false,HKG,Asia Pacific,Hong Kong,35,0.00
47.238.131.39,2086,2086,false,HKG,Asia Pacific,Hong Kong,35,0.00
47.243.139.85,2095,2095,false,HKG,Asia Pacific,Hong Kong,35,0.00
8.222.237.131,8880,8880,false,SIN,Asia Pacific,Singapore,35,0.00
8.219.199.220,2095,2095,false,SIN,Asia Pacific,Singapore,35,0.00
8.217.72.0,80,80,false,HKG,Asia Pacific,Hong Kong,35,0.00
8.212.41.98,80,80,false,SIN,Asia Pacific,Singapore,35,0.00
8.219.93.5,2082,2082,false,SIN,Asia Pacific,Singapore,35,0.00
8.218.181.189,80,80,false,HKG,Asia Pacific,Hong Kong,35,0.00
8.222.144.50,2082,2082,false,SIN,Asia Pacific,Singapore,35,0.00
47.242.119.104,2095,2095,false,HKG,Asia Pacific,Hong Kong,35,0.00
8.219.50.180,2052,2052,false,SIN,Asia Pacific,Singapore,35,0.00
8.210.203.7,80,80,false,HKG,Asia Pacific,Hong Kong,35,0.00
47.237.92.26,2082,2082,false,SIN,Asia Pacific,Singapore,35,0.00
47.242.107.109,2052,2052,false,HKG,Asia Pacific,Hong Kong,35,0.00
8.218.136.25,2082,2082,false,HKG,Asia Pacific,Hong Kong,35,0.00
8.218.181.189,8880,8880,false,HKG,Asia Pacific,Hong Kong,35,0.00
47.76.222.57,80,80,false,HKG,Asia Pacific,Hong Kong,35,0.00
47.76.178.146,80,80,false,HKG,Asia Pacific,Hong Kong,35,0.00
8.210.3.24,8880,8880,false,HKG,Asia Pacific,Hong Kong,35,0.00
8.217.181.213,8880,8880,false,HKG,Asia Pacific,Hong Kong,35,0.00
47.76.98.98,2095,2095,false,HKG,Asia Pacific,Hong Kong,35,0.00
47.236.169.141,2086,2086,false,SIN,Asia Pacific,Singapore,35,0.00
47.76.227.128,2095,2095,false,HKG,Asia Pacific,Hong Kong,35,0.00
47.237.100.206,2082,2082,false,SIN,Asia Pacific,Singapore,35,0.00
47.76.233.67,2087,2087,true,HKG,Asia Pacific,Hong Kong,35,0.00
47.76.227.128,8080,8080,false,HKG,Asia Pacific,Hong Kong,35,0.00
47.76.146.1,80,80,false,HKG,Asia Pacific,Hong Kong,35,0.00
47.76.80.72,2096,2096,true,HKG,Asia Pacific,Hong Kong,35,0.00
47.237.84.173,8080,8080,false,SIN,Asia Pacific,Singapore,35,0.00
47.238.0.114,80,80,false,HKG,Asia Pacific,Hong Kong,35,0.00
47.76.204.76,2082,2082,false,HKG,Asia Pacific,Hong Kong,35,0.00
8.218.18.132,80,80,false,HKG,Asia Pacific,Hong Kong,35,0.00
47.243.60.150,2086,2086,false,HKG,Asia Pacific,Hong Kong,35,0.00
8.219.1.92,80,80,false,SIN,Asia Pacific,Singapore,35,0.00
8.217.193.25,2082,2082,false,HKG,Asia Pacific,Hong Kong,35,0.00
8.218.74.119,8880,8880,false,HKG,Asia Pacific,Hong Kong,35,0.00
47.236.75.113,80,80,false,SIN,Asia Pacific,Singapore,35,0.00
47.242.252.237,8880,8880,false,HKG,Asia Pacific,Hong Kong,35,0.00
8.218.8.142,8080,8080,false,HKG,Asia Pacific,Hong Kong,35,0.00
47.76.227.40,80,80,false,HKG,Asia Pacific,Hong Kong,35,0.00
8.218.222.36,2095,2095,false,HKG,Asia Pacific,Hong Kong,35,0.00
8.218.126.53,8880,8880,false,HKG,Asia Pacific,Hong Kong,35,0.00
8.210.21.65,2086,2086,false,HKG,Asia Pacific,Hong Kong,35,0.00
47.76.159.146,2052,2052,false,HKG,Asia Pacific,Hong Kong,35,0.00
8.218.201.73,2095,2095,false,HKG,Asia Pacific,Hong Kong,35,0.00
8.219.199.220,80,80,false,SIN,Asia Pacific,Singapore,36,0.00
47.76.49.246,2086,2086,false,HKG,Asia Pacific,Hong Kong,36,0.00
8.218.146.204,8080,8080,false,HKG,Asia Pacific,Hong Kong,36,0.00
47.76.204.76,2052,2052,false,HKG,Asia Pacific,Hong Kong,36,0.00
47.242.107.109,2095,2095,false,HKG,Asia Pacific,Hong Kong,36,0.00
47.243.91.58,8080,8080,false,HKG,Asia Pacific,Hong Kong,36,0.00
47.245.86.230,2082,2082,false,SIN,Asia Pacific,Singapore,36,0.00
47.243.255.224,2095,2095,false,HKG,Asia Pacific,Hong Kong,36,0.00
47.236.5.223,2095,2095,false,SIN,Asia Pacific,Singapore,36,0.00
47.242.7.162,80,80,false,HKG,Asia Pacific,Hong Kong,36,0.00
8.218.155.238,8880,8880,false,HKG,Asia Pacific,Hong Kong,36,0.00
47.236.97.90,2095,2095,false,SIN,Asia Pacific,Singapore,36,0.00
8.218.3.12,2086,2086,false,HKG,Asia Pacific,Hong Kong,36,0.00
8.218.2.181,2095,2095,false,HKG,Asia Pacific,Hong Kong,36,0.00
47.236.118.216,8080,8080,false,SIN,Asia Pacific,Singapore,36,0.00
47.242.171.94,8880,8880,false,HKG,Asia Pacific,Hong Kong,36,0.00
8.218.2.181,80,80,false,HKG,Asia Pacific,Hong Kong,36,0.00
8.212.107.200,80,80,false,HKG,Asia Pacific,Hong Kong,36,0.00
8.212.107.200,80,80,false,HKG,Asia Pacific,Hong Kong,36,0.00
8.210.66.190,8880,8880,false,HKG,Asia Pacific,Hong Kong,36,0.00
47.238.6.102,8080,8080,false,HKG,Asia Pacific,Hong Kong,36,0.00
47.242.119.104,8080,8080,false,HKG,Asia Pacific,Hong Kong,36,0.00
8.218.8.142,80,80,false,HKG,Asia Pacific,Hong Kong,36,0.00
8.210.65.1,80,80,false,HKG,Asia Pacific,Hong Kong,36,0.00
47.242.7.162,2096,2096,true,HKG,Asia Pacific,Hong Kong,36,0.00
8.210.100.23,2083,2083,true,HKG,Asia Pacific,Hong Kong,36,0.00
8.217.232.246,8080,8080,false,HKG,Asia Pacific,Hong Kong,36,0.00
8.218.98.75,8880,8880,false,HKG,Asia Pacific,Hong Kong,36,0.00
47.236.189.92,2082,2082,false,SIN,Asia Pacific,Singapore,36,0.00
8.218.142.253,8080,8080,false,HKG,Asia Pacific,Hong Kong,36,0.00
47.237.92.26,2086,2086,false,SIN,Asia Pacific,Singapore,36,0.00
47.236.172.71,8880,8880,false,SIN,Asia Pacific,Singapore,36,0.00
8.217.72.0,2052,2052,false,HKG,Asia Pacific,Hong Kong,36,0.00
8.210.48.107,80,80,false,HKG,Asia Pacific,Hong Kong,36,0.00
8.218.53.110,8880,8880,false,HKG,Asia Pacific,Hong Kong,36,0.00
8.219.114.201,2052,2052,false,SIN,Asia Pacific,Singapore,36,0.00
8.218.65.237,2052,2052,false,HKG,Asia Pacific,Hong Kong,36,0.00
8.219.78.188,80,80,false,SIN,Asia Pacific,Singapore,36,0.00
47.243.186.171,2082,2082,false,HKG,Asia Pacific,Hong Kong,36,0.00
8.218.2.181,2095,2095,false,HKG,Asia Pacific,Hong Kong,36,0.00
47.242.119.104,80,80,false,HKG,Asia Pacific,Hong Kong,36,0.00
47.243.169.63,2082,2082,false,HKG,Asia Pacific,Hong Kong,36,0.00
8.218.8.142,2086,2086,false,HKG,Asia Pacific,Hong Kong,36,0.00
8.218.3.12,2082,2082,false,HKG,Asia Pacific,Hong Kong,36,0.00
47.76.32.108,2052,2052,false,HKG,Asia Pacific,Hong Kong,36,0.00
47.242.125.241,8880,8880,false,HKG,Asia Pacific,Hong Kong,36,0.00
47.242.176.237,2082,2082,false,HKG,Asia Pacific,Hong Kong,36,0.00
47.76.37.57,2086,2086,false,HKG,Asia Pacific,Hong Kong,36,0.00
8.218.74.119,2086,2086,false,HKG,Asia Pacific,Hong Kong,36,0.00
47.76.203.101,2082,2082,false,HKG,Asia Pacific,Hong Kong,36,0.00
47.76.94.15,8880,8880,false,HKG,Asia Pacific,Hong Kong,36,0.00
47.76.26.26,8080,8080,false,HKG,Asia Pacific,Hong Kong,36,0.00
8.218.53.110,2086,2086,false,HKG,Asia Pacific,Hong Kong,36,0.00
47.76.227.128,2052,2052,false,HKG,Asia Pacific,Hong Kong,36,0.00
8.218.222.36,80,80,false,HKG,Asia Pacific,Hong Kong,36,0.00
8.219.200.145,2095,2095,false,SIN,Asia Pacific,Singapore,36,0.00
47.242.252.237,80,80,false,HKG,Asia Pacific,Hong Kong,36,0.00
8.218.22.210,2052,2052,false,HKG,Asia Pacific,Hong Kong,36,0.00
8.210.3.24,2052,2052,false,HKG,Asia Pacific,Hong Kong,36,0.00
47.236.170.225,2082,2082,false,SIN,Asia Pacific,Singapore,36,0.00
47.238.35.50,8880,8880,false,HKG,Asia Pacific,Hong Kong,36,0.00
47.243.91.58,2095,2095,false,HKG,Asia Pacific,Hong Kong,36,0.00
8.222.160.176,8880,8880,false,SIN,Asia Pacific,Singapore,36,0.00
8.217.232.246,8880,8880,false,HKG,Asia Pacific,Hong Kong,36,0.00
47.76.33.40,80,80,false,HKG,Asia Pacific,Hong Kong,36,0.00
47.236.144.208,8880,8880,false,SIN,Asia Pacific,Singapore,36,0.00
8.218.65.237,2052,2052,false,HKG,Asia Pacific,Hong Kong,36,0.00
8.218.243.95,80,80,false,HKG,Asia Pacific,Hong Kong,36,0.00
47.243.255.224,80,80,false,HKG,Asia Pacific,Hong Kong,36,0.00
8.219.4.122,2086,2086,false,SIN,Asia Pacific,Singapore,36,0.00
47.76.203.101,8080,8080,false,HKG,Asia Pacific,Hong Kong,36,0.00
8.222.165.117,2095,2095,false,SIN,Asia Pacific,Singapore,36,0.00
47.243.183.127,2086,2086,false,HKG,Asia Pacific,Hong Kong,36,0.00
8.218.211.17,80,80,false,HKG,Asia Pacific,Hong Kong,36,0.00
47.76.146.1,8080,8080,false,HKG,Asia Pacific,Hong Kong,36,0.00
8.210.65.1,2086,2086,false,HKG,Asia Pacific,Hong Kong,36,0.00
8.210.3.24,2095,2095,false,HKG,Asia Pacific,Hong Kong,36,0.00
47.243.86.79,80,80,false,HKG,Asia Pacific,Hong Kong,36,0.00
8.218.126.53,2095,2095,false,HKG,Asia Pacific,Hong Kong,36,0.00
47.237.8.82,8080,8080,false,SIN,Asia Pacific,Singapore,36,0.00
8.218.8.142,2095,2095,false,HKG,Asia Pacific,Hong Kong,36,0.00
47.237.81.112,8880,8880,false,SIN,Asia Pacific,Singapore,37,0.00
8.217.159.210,8080,8080,false,HKG,Asia Pacific,Hong Kong,37,0.00
47.76.178.146,2095,2095,false,HKG,Asia Pacific,Hong Kong,37,0.00
47.236.10.100,80,80,false,SIN,Asia Pacific,Singapore,37,0.00
8.217.66.3,2082,2082,false,HKG,Asia Pacific,Hong Kong,37,0.00
47.76.98.98,8080,8080,false,HKG,Asia Pacific,Hong Kong,37,0.00
47.242.155.183,2086,2086,false,HKG,Asia Pacific,Hong Kong,37,0.00
47.76.29.115,2052,2052,false,HKG,Asia Pacific,Hong Kong,37,0.00
8.210.66.190,8080,8080,false,HKG,Asia Pacific,Hong Kong,37,0.00
47.236.118.216,8880,8880,false,SIN,Asia Pacific,Singapore,37,0.00
8.218.211.17,2095,2095,false,HKG,Asia Pacific,Hong Kong,37,0.00
8.210.203.7,8080,8080,false,HKG,Asia Pacific,Hong Kong,37,0.00
47.242.202.230,2082,2082,false,HKG,Asia Pacific,Hong Kong,37,0.00
47.242.42.153,8080,8080,false,HKG,Asia Pacific,Hong Kong,37,0.00
47.242.183.7,8880,8880,false,HKG,Asia Pacific,Hong Kong,37,0.00
8.218.228.152,2052,2052,false,HKG,Asia Pacific,Hong Kong,37,0.00
47.238.43.79,2095,2095,false,HKG,Asia Pacific,Hong Kong,37,0.00
47.57.233.126,80,80,false,SJC,North America,San Jose,37,0.00
47.236.149.107,2095,2095,false,SIN,Asia Pacific,Singapore,37,0.00
8.218.8.142,80,80,false,HKG,Asia Pacific,Hong Kong,37,0.00
8.218.3.12,8880,8880,false,HKG,Asia Pacific,Hong Kong,37,0.00
47.242.79.71,2086,2086,false,HKG,Asia Pacific,Hong Kong,37,0.00
8.210.207.214,8880,8880,false,HKG,Asia Pacific,Hong Kong,37,0.00
47.243.234.9,8080,8080,false,HKG,Asia Pacific,Hong Kong,37,0.00
8.218.3.12,2095,2095,false,HKG,Asia Pacific,Hong Kong,37,0.00
47.237.100.206,8880,8880,false,SIN,Asia Pacific,Singapore,37,0.00
8.218.18.132,2052,2052,false,HKG,Asia Pacific,Hong Kong,37,0.00
47.57.13.107,80,80,false,HKG,Asia Pacific,Hong Kong,37,0.00
8.210.85.222,2086,2086,false,HKG,Asia Pacific,Hong Kong,37,0.00
8.218.85.128,8880,8880,false,HKG,Asia Pacific,Hong Kong,37,0.00
47.236.169.15,8880,8880,false,SIN,Asia Pacific,Singapore,37,0.00
8.218.52.115,2095,2095,false,HKG,Asia Pacific,Hong Kong,37,0.00
8.218.22.210,2082,2082,false,HKG,Asia Pacific,Hong Kong,37,0.00
8.210.3.24,8080,8080,false,HKG,Asia Pacific,Hong Kong,37,0.00
47.243.173.187,2095,2095,false,HKG,Asia Pacific,Hong Kong,37,0.00
47.243.173.187,2095,2095,false,HKG,Asia Pacific,Hong Kong,37,0.00
47.243.203.119,2086,2086,false,HKG,Asia Pacific,Hong Kong,37,0.00
8.210.146.108,2086,2086,false,HKG,Asia Pacific,Hong Kong,37,0.00
47.243.234.9,2082,2082,false,HKG,Asia Pacific,Hong Kong,37,0.00
8.217.248.220,80,80,false,HKG,Asia Pacific,Hong Kong,37,0.00
8.218.122.55,2086,2086,false,HKG,Asia Pacific,Hong Kong,37,0.00
8.210.203.7,2086,2086,false,HKG,Asia Pacific,Hong Kong,37,0.00
47.242.171.94,8880,8880,false,HKG,Asia Pacific,Hong Kong,37,0.00
8.222.136.247,8080,8080,false,SIN,Asia Pacific,Singapore,37,0.00
8.222.222.64,8880,8880,false,SIN,Asia Pacific,Singapore,37,0.00
47.242.183.7,2082,2082,false,HKG,Asia Pacific,Hong Kong,37,0.00
47.76.94.15,2083,2083,true,HKG,Asia Pacific,Hong Kong,37,0.00
8.210.85.222,8880,8880,false,HKG,Asia Pacific,Hong Kong,37,0.00
8.218.188.129,8080,8080,false,HKG,Asia Pacific,Hong Kong,37,0.00
8.218.211.17,8080,8080,false,HKG,Asia Pacific,Hong Kong,37,0.00
8.210.63.130,80,80,false,HKG,Asia Pacific,Hong Kong,37,0.00
8.210.100.23,2095,2095,false,HKG,Asia Pacific,Hong Kong,37,0.00
47.76.146.1,8880,8880,false,HKG,Asia Pacific,Hong Kong,37,0.00
8.210.100.23,2082,2082,false,HKG,Asia Pacific,Hong Kong,37,0.00
8.218.53.110,2082,2082,false,HKG,Asia Pacific,Hong Kong,37,0.00
8.210.174.156,8080,8080,false,HKG,Asia Pacific,Hong Kong,37,0.00
47.238.43.79,8880,8880,false,HKG,Asia Pacific,Hong Kong,37,0.00
47.236.10.100,2082,2082,false,SIN,Asia Pacific,Singapore,37,0.00
8.210.66.190,2052,2052,false,HKG,Asia Pacific,Hong Kong,37,0.00
8.210.203.7,2052,2052,false,HKG,Asia Pacific,Hong Kong,37,0.00
8.217.121.207,2052,2052,false,HKG,Asia Pacific,Hong Kong,37,0.00
47.76.222.57,2095,2095,false,HKG,Asia Pacific,Hong Kong,37,0.00
47.237.86.185,2095,2095,false,SIN,Asia Pacific,Singapore,37,0.00
8.217.232.246,80,80,false,HKG,Asia Pacific,Hong Kong,37,0.00
8.218.173.78,8880,8880,false,HKG,Asia Pacific,Hong Kong,37,0.00
47.242.125.241,2082,2082,false,HKG,Asia Pacific,Hong Kong,37,0.00
8.218.22.210,8080,8080,false,HKG,Asia Pacific,Hong Kong,37,0.00
47.76.204.76,8880,8880,false,HKG,Asia Pacific,Hong Kong,37,0.00
8.210.245.224,8880,8880,false,HKG,Asia Pacific,Hong Kong,37,0.00
8.217.207.60,2052,2052,false,HKG,Asia Pacific,Hong Kong,37,0.00
47.243.42.155,2052,2052,false,HKG,Asia Pacific,Hong Kong,37,0.00
47.76.94.15,8080,8080,false,HKG,Asia Pacific,Hong Kong,37,0.00
47.242.202.230,8080,8080,false,HKG,Asia Pacific,Hong Kong,37,0.00
8.217.248.220,80,80,false,HKG,Asia Pacific,Hong Kong,37,0.00
47.243.206.150,8080,8080,false,HKG,Asia Pacific,Hong Kong,37,0.00
47.76.227.40,2086,2086,false,HKG,Asia Pacific,Hong Kong,37,0.00
47.236.17.193,2095,2095,false,SIN,Asia Pacific,Singapore,37,0.00
8.210.21.65,8080,8080,false,HKG,Asia Pacific,Hong Kong,37,0.00
8.210.192.93,8880,8880,false,HKG,Asia Pacific,Hong Kong,37,0.00
47.242.54.157,80,80,false,HKG,Asia Pacific,Hong Kong,37,0.00
8.218.136.25,8880,8880,false,HKG,Asia Pacific,Hong Kong,37,0.00
8.210.89.245,80,80,false,HKG,Asia Pacific,Hong Kong,37,0.00
8.210.9.129,2086,2086,false,HKG,Asia Pacific,Hong Kong,37,0.00
8.210.101.157,8080,8080,false,HKG,Asia Pacific,Hong Kong,37,0.00
47.236.180.51,2082,2082,false,SIN,Asia Pacific,Singapore,37,0.00
47.238.5.0,2082,2082,false,HKG,Asia Pacific,Hong Kong,37,0.00
47.76.214.139,8880,8880,false,HKG,Asia Pacific,Hong Kong,37,0.00
8.218.85.128,2082,2082,false,HKG,Asia Pacific,Hong Kong,37,0.00
8.210.203.7,8880,8880,false,HKG,Asia Pacific,Hong Kong,37,0.00
47.242.79.71,80,80,false,HKG,Asia Pacific,Hong Kong,37,0.00
47.242.176.237,8080,8080,false,HKG,Asia Pacific,Hong Kong,37,0.00
47.76.227.40,8080,8080,false,HKG,Asia Pacific,Hong Kong,37,0.00
8.212.41.98,8080,8080,false,SJC,North America,San Jose,37,0.00
8.210.66.190,2082,2082,false,HKG,Asia Pacific,Hong Kong,37,0.00
8.217.181.213,2052,2052,false,HKG,Asia Pacific,Hong Kong,37,0.00
47.243.169.63,8880,8880,false,HKG,Asia Pacific,Hong Kong,37,0.00
47.76.203.101,2082,2082,false,HKG,Asia Pacific,Hong Kong,37,0.00
47.243.169.63,2095,2095,false,HKG,Asia Pacific,Hong Kong,37,0.00
8.210.3.24,2082,2082,false,HKG,Asia Pacific,Hong Kong,37,0.00
47.238.5.0,8880,8880,false,HKG,Asia Pacific,Hong Kong,37,0.00
8.222.237.131,80,80,false,SIN,Asia Pacific,Singapore,37,0.00
8.210.192.93,2095,2095,false,HKG,Asia Pacific,Hong Kong,37,0.00
8.218.65.237,80,80,false,HKG,Asia Pacific,Hong Kong,37,0.00
47.243.234.9,2095,2095,false,HKG,Asia Pacific,Hong Kong,37,0.00
8.210.21.65,2095,2095,false,HKG,Asia Pacific,Hong Kong,37,0.00
47.238.40.58,2095,2095,false,HKG,Asia Pacific,Hong Kong,37,0.00
47.238.6.102,8880,8880,false,HKG,Asia Pacific,Hong Kong,37,0.00
8.210.207.214,80,80,false,HKG,Asia Pacific,Hong Kong,37,0.00
47.76.37.57,8080,8080,false,HKG,Asia Pacific,Hong Kong,37,0.00
8.218.204.128,80,80,false,HKG,Asia Pacific,Hong Kong,37,0.00
47.237.94.140,80,80,false,SIN,Asia Pacific,Singapore,37,0.00
8.217.193.25,2086,2086,false,HKG,Asia Pacific,Hong Kong,37,0.00
8.210.174.156,2052,2052,false,HKG,Asia Pacific,Hong Kong,37,0.00
8.218.181.189,8080,8080,false,HKG,Asia Pacific,Hong Kong,37,0.00
47.76.26.26,2082,2082,false,HKG,Asia Pacific,Hong Kong,37,0.00
8.210.245.224,80,80,false,HKG,Asia Pacific,Hong Kong,37,0.00
8.210.100.23,2086,2086,false,HKG,Asia Pacific,Hong Kong,37,0.00
8.210.245.224,2082,2082,false,HKG,Asia Pacific,Hong Kong,37,0.00
47.242.171.94,8080,8080,false,HKG,Asia Pacific,Hong Kong,37,0.00
8.210.9.129,2095,2095,false,HKG,Asia Pacific,Hong Kong,37,0.00
8.218.65.171,2095,2095,false,HKG,Asia Pacific,Hong Kong,37,0.00
47.242.174.27,2082,2082,false,HKG,Asia Pacific,Hong Kong,37,0.00
8.210.119.11,2087,2087,true,HKG,Asia Pacific,Hong Kong,37,0.00
47.242.155.183,2082,2082,false,HKG,Asia Pacific,Hong Kong,37,0.00
47.238.35.50,2086,2086,false,HKG,Asia Pacific,Hong Kong,37,0.00
47.243.42.155,2095,2095,false,HKG,Asia Pacific,Hong Kong,37,0.00
47.236.158.158,8880,8880,false,SIN,Asia Pacific,Singapore,37,0.00
8.218.11.90,8080,8080,false,HKG,Asia Pacific,Hong Kong,37,0.00
8.210.101.157,2086,2086,false,HKG,Asia Pacific,Hong Kong,37,0.00
8.219.107.135,8080,8080,false,SIN,Asia Pacific,Singapore,37,0.00
47.242.157.96,80,80,false,HKG,Asia Pacific,Hong Kong,37,0.00
47.243.206.150,80,80,false,HKG,Asia Pacific,Hong Kong,37,0.00
8.223.2.222,80,80,false,SIN,Asia Pacific,Singapore,37,0.00
47.76.203.101,80,80,false,HKG,Asia Pacific,Hong Kong,37,0.00
47.236.97.90,2052,2052,false,SIN,Asia Pacific,Singapore,38,0.00
8.219.83.71,2052,2052,false,SIN,Asia Pacific,Singapore,38,0.00
47.236.130.95,2052,2052,false,SIN,Asia Pacific,Singapore,38,0.00
47.236.144.48,80,80,false,SIN,Asia Pacific,Singapore,38,0.00
47.243.139.243,2086,2086,false,HKG,Asia Pacific,Hong Kong,38,0.00
8.210.245.224,8080,8080,false,HKG,Asia Pacific,Hong Kong,38,0.00
47.243.74.220,8880,8880,false,HKG,Asia Pacific,Hong Kong,38,0.00
47.236.172.95,8080,8080,false,SIN,Asia Pacific,Singapore,38,0.00
47.236.80.110,2086,2086,false,SIN,Asia Pacific,Singapore,38,0.00
47.76.222.57,8880,8880,false,HKG,Asia Pacific,Hong Kong,38,0.00
47.243.206.150,2052,2052,false,HKG,Asia Pacific,Hong Kong,38,0.00
47.243.18.199,8080,8080,false,HKG,Asia Pacific,Hong Kong,38,0.00
47.76.189.102,8080,8080,false,HKG,Asia Pacific,Hong Kong,38,0.00
47.76.203.101,2052,2052,false,HKG,Asia Pacific,Hong Kong,38,0.00
8.218.3.198,2086,2086,false,HKG,Asia Pacific,Hong Kong,38,0.00
8.218.85.128,80,80,false,HKG,Asia Pacific,Hong Kong,38,0.00
47.76.227.40,80,80,false,HKG,Asia Pacific,Hong Kong,38,0.00
8.217.50.252,2095,2095,false,HKG,Asia Pacific,Hong Kong,38,0.00
8.218.81.14,8080,8080,false,HKG,Asia Pacific,Hong Kong,38,0.00
8.217.91.121,80,80,false,HKG,Asia Pacific,Hong Kong,38,0.00
8.217.91.121,8880,8880,false,HKG,Asia Pacific,Hong Kong,38,0.00
8.210.43.213,2095,2095,false,HKG,Asia Pacific,Hong Kong,38,0.00
8.222.164.209,8880,8880,false,SIN,Asia Pacific,Singapore,38,0.00
47.76.227.40,2082,2082,false,HKG,Asia Pacific,Hong Kong,38,0.00
8.218.65.171,2086,2086,false,HKG,Asia Pacific,Hong Kong,38,0.00
8.210.156.6,2086,2086,false,HKG,Asia Pacific,Hong Kong,38,0.00
47.243.5.154,2095,2095,false,HKG,Asia Pacific,Hong Kong,38,0.00
8.210.244.38,8080,8080,false,HKG,Asia Pacific,Hong Kong,38,0.00
8.219.86.200,8080,8080,false,SIN,Asia Pacific,Singapore,38,0.00
47.76.33.40,2086,2086,false,HKG,Asia Pacific,Hong Kong,38,0.00
47.243.18.199,2082,2082,false,HKG,Asia Pacific,Hong Kong,38,0.00
8.218.146.204,80,80,false,HKG,Asia Pacific,Hong Kong,38,0.00
47.242.42.153,2082,2082,false,HKG,Asia Pacific,Hong Kong,38,0.00
47.242.234.127,2086,2086,false,HKG,Asia Pacific,Hong Kong,38,0.00
8.217.123.243,2082,2082,false,HKG,Asia Pacific,Hong Kong,38,0.00
8.217.91.121,80,80,false,HKG,Asia Pacific,Hong Kong,38,0.00
47.242.59.216,2086,2086,false,HKG,Asia Pacific,Hong Kong,38,0.00
47.76.26.26,2082,2082,false,HKG,Asia Pacific,Hong Kong,38,0.00
8.218.207.169,8880,8880,false,HKG,Asia Pacific,Hong Kong,38,0.00
47.76.37.57,2082,2082,false,HKG,Asia Pacific,Hong Kong,38,0.00
8.218.18.132,8880,8880,false,HKG,Asia Pacific,Hong Kong,38,0.00
47.237.100.206,8080,8080,false,SIN,Asia Pacific,Singapore,38,0.00
47.242.234.127,8880,8880,false,HKG,Asia Pacific,Hong Kong,38,0.00
8.210.245.224,2086,2086,false,HKG,Asia Pacific,Hong Kong,38,0.00
8.210.192.93,2052,2052,false,HKG,Asia Pacific,Hong Kong,38,0.00
47.243.186.171,80,80,false,HKG,Asia Pacific,Hong Kong,38,0.00
8.218.243.95,2082,2082,false,HKG,Asia Pacific,Hong Kong,38,0.00
8.217.159.210,2095,2095,false,HKG,Asia Pacific,Hong Kong,38,0.00
8.210.175.109,2087,2087,true,HKG,Asia Pacific,Hong Kong,38,0.00
47.76.98.98,2082,2082,false,HKG,Asia Pacific,Hong Kong,38,0.00
8.222.179.231,2082,2082,false,SIN,Asia Pacific,Singapore,38,0.00
8.218.222.36,2095,2095,false,HKG,Asia Pacific,Hong Kong,38,0.00
8.217.207.60,2082,2082,false,HKG,Asia Pacific,Hong Kong,38,0.00
47.76.192.24,80,80,false,HKG,Asia Pacific,Hong Kong,38,0.00
8.219.40.37,2052,2052,false,SIN,Asia Pacific,Singapore,38,0.00
47.242.42.153,80,80,false,HKG,Asia Pacific,Hong Kong,38,0.00
8.218.48.92,8080,8080,false,HKG,Asia Pacific,Hong Kong,38,0.00
47.237.0.31,2095,2095,false,SIN,Asia Pacific,Singapore,38,0.00
47.242.174.27,80,80,false,HKG,Asia Pacific,Hong Kong,38,0.00
8.218.11.90,2095,2095,false,HKG,Asia Pacific,Hong Kong,38,0.00
8.222.167.147,8080,8080,false,SIN,Asia Pacific,Singapore,38,0.00
8.210.9.129,2082,2082,false,HKG,Asia Pacific,Hong Kong,38,0.00
47.238.35.50,80,80,false,HKG,Asia Pacific,Hong Kong,38,0.00
8.218.243.95,8880,8880,false,HKG,Asia Pacific,Hong Kong,38,0.00
8.217.250.5,80,80,false,HKG,Asia Pacific,Hong Kong,38,0.00
8.218.11.90,2086,2086,false,HKG,Asia Pacific,Hong Kong,38,0.00
8.218.201.73,2052,2052,false,HKG,Asia Pacific,Hong Kong,38,0.00
8.210.21.65,8880,8880,false,HKG,Asia Pacific,Hong Kong,38,0.00
8.217.164.10,2095,2095,false,HKG,Asia Pacific,Hong Kong,38,0.00
8.218.1.163,80,80,false,HKG,Asia Pacific,Hong Kong,38,0.00
8.218.122.55,2052,2052,false,HKG,Asia Pacific,Hong Kong,38,0.00
47.76.213.245,80,80,false,HKG,Asia Pacific,Hong Kong,38,0.00
8.218.65.171,2052,2052,false,HKG,Asia Pacific,Hong Kong,38,0.00
8.217.239.116,2086,2086,false,HKG,Asia Pacific,Hong Kong,38,0.00
47.243.42.155,2086,2086,false,HKG,Asia Pacific,Hong Kong,38,0.00
8.210.207.214,80,80,false,HKG,Asia Pacific,Hong Kong,38,0.00
47.238.5.0,2095,2095,false,HKG,Asia Pacific,Hong Kong,38,0.00
8.210.100.23,2082,2082,false,HKG,Asia Pacific,Hong Kong,38,0.00
8.219.86.200,2086,2086,false,SIN,Asia Pacific,Singapore,38,0.00
47.242.119.104,8880,8880,false,HKG,Asia Pacific,Hong Kong,38,0.00
8.218.188.129,8880,8880,false,HKG,Asia Pacific,Hong Kong,38,0.00
47.76.49.246,2095,2095,false,HKG,Asia Pacific,Hong Kong,38,0.00
8.218.52.115,2052,2052,false,HKG,Asia Pacific,Hong Kong,38,0.00
47.76.80.72,8880,8880,false,HKG,Asia Pacific,Hong Kong,38,0.00
47.76.225.255,80,80,false,HKG,Asia Pacific,Hong Kong,38,0.00
47.236.9.152,2095,2095,false,SIN,Asia Pacific,Singapore,38,0.00
8.210.85.222,2086,2086,false,HKG,Asia Pacific,Hong Kong,38,0.00
8.219.202.130,2052,2052,false,SIN,Asia Pacific,Singapore,38,0.00
47.243.139.85,2086,2086,false,HKG,Asia Pacific,Hong Kong,38,0.00
47.242.171.94,80,80,false,HKG,Asia Pacific,Hong Kong,38,0.00
47.243.70.186,2095,2095,false,HKG,Asia Pacific,Hong Kong,38,0.00
8.217.127.73,2086,2086,false,HKG,Asia Pacific,Hong Kong,38,0.00
47.76.213.245,2086,2086,false,HKG,Asia Pacific,Hong Kong,38,0.00
47.242.174.27,2082,2082,false,HKG,Asia Pacific,Hong Kong,38,0.00
8.222.180.86,2086,2086,false,SIN,Asia Pacific,Singapore,38,0.00
8.218.146.204,2082,2082,false,HKG,Asia Pacific,Hong Kong,38,0.00
47.243.90.180,8880,8880,false,HKG,Asia Pacific,Hong Kong,38,0.00
47.243.169.63,8080,8080,false,HKG,Asia Pacific,Hong Kong,38,0.00
8.219.189.143,80,80,false,SIN,Asia Pacific,Singapore,38,0.00
8.218.243.95,8080,8080,false,HKG,Asia Pacific,Hong Kong,38,0.00
8.210.63.130,8080,8080,false,HKG,Asia Pacific,Hong Kong,38,0.00
47.242.171.94,2086,2086,false,HKG,Asia Pacific,Hong Kong,38,0.00
47.242.171.94,2095,2095,false,HKG,Asia Pacific,Hong Kong,38,0.00
47.243.107.148,2082,2082,false,HKG,Asia Pacific,Hong Kong,38,0.00
8.218.207.169,2052,2052,false,HKG,Asia Pacific,Hong Kong,38,0.00
47.76.37.57,80,80,false,HKG,Asia Pacific,Hong Kong,38,0.00
47.76.33.40,2083,2083,true,HKG,Asia Pacific,Hong Kong,38,0.00
8.210.107.246,2095,2095,false,HKG,Asia Pacific,Hong Kong,38,0.00
8.210.48.107,2086,2086,false,HKG,Asia Pacific,Hong Kong,38,0.00
8.217.149.28,80,80,false,HKG,Asia Pacific,Hong Kong,38,0.00
47.243.60.150,2095,2095,false,HKG,Asia Pacific,Hong Kong,38,0.00
47.243.183.127,2095,2095,false,HKG,Asia Pacific,Hong Kong,38,0.00
47.243.234.9,2086,2086,false,HKG,Asia Pacific,Hong Kong,38,0.00
47.242.155.183,8880,8880,false,HKG,Asia Pacific,Hong Kong,38,0.00
8.210.156.6,80,80,false,HKG,Asia Pacific,Hong Kong,38,0.00
8.219.198.34,2052,2052,false,SIN,Asia Pacific,Singapore,38,0.00
8.218.81.14,2082,2082,false,HKG,Asia Pacific,Hong Kong,38,0.00
8.210.146.108,8880,8880,false,HKG,Asia Pacific,Hong Kong,38,0.00
8.219.201.245,2052,2052,false,SIN,Asia Pacific,Singapore,38,0.00
8.218.48.92,2052,2052,false,HKG,Asia Pacific,Hong Kong,38,0.00
47.243.203.119,2052,2052,false,HKG,Asia Pacific,Hong Kong,38,0.00
8.218.65.171,8080,8080,false,HKG,Asia Pacific,Hong Kong,38,0.00
47.76.29.115,8080,8080,false,HKG,Asia Pacific,Hong Kong,38,0.00
47.243.90.180,80,80,false,HKG,Asia Pacific,Hong Kong,38,0.00
8.210.107.246,2087,2087,true,HKG,Asia Pacific,Hong Kong,39,0.00
47.238.6.58,2082,2082,false,HKG,Asia Pacific,Hong Kong,39,0.00
47.236.202.91,8080,8080,false,SIN,Asia Pacific,Singapore,39,0.00
8.210.43.213,2082,2082,false,HKG,Asia Pacific,Hong Kong,39,0.00
47.238.131.39,2082,2082,false,HKG,Asia Pacific,Hong Kong,39,0.00
8.210.203.7,2082,2082,false,HKG,Asia Pacific,Hong Kong,39,0.00
47.238.0.114,2052,2052,false,HKG,Asia Pacific,Hong Kong,39,0.00
47.243.243.14,8880,8880,false,HKG,Asia Pacific,Hong Kong,39,0.00
8.217.221.165,2082,2082,false,HKG,Asia Pacific,Hong Kong,39,0.00
8.218.48.92,8080,8080,false,HKG,Asia Pacific,Hong Kong,39,0.00
47.57.245.232,80,80,false,SJC,North America,San Jose,39,0.00
8.210.42.171,8880,8880,false,HKG,Asia Pacific,Hong Kong,39,0.00
47.238.35.50,2086,2086,false,HKG,Asia Pacific,Hong Kong,39,0.00
8.210.89.245,2082,2082,false,HKG,Asia Pacific,Hong Kong,39,0.00
8.218.11.90,80,80,false,HKG,Asia Pacific,Hong Kong,39,0.00
47.76.203.101,2086,2086,false,HKG,Asia Pacific,Hong Kong,39,0.00
8.223.3.253,80,80,false,SIN,Asia Pacific,Singapore,39,0.00
8.210.174.156,2082,2082,false,HKG,Asia Pacific,Hong Kong,39,0.00
8.217.91.121,2095,2095,false,HKG,Asia Pacific,Hong Kong,39,0.00
47.236.205.188,2082,2082,false,SIN,Asia Pacific,Singapore,39,0.00
47.76.227.40,2052,2052,false,HKG,Asia Pacific,Hong Kong,39,0.00
47.238.40.58,2086,2086,false,HKG,Asia Pacific,Hong Kong,39,0.00
47.242.157.96,2052,2052,false,HKG,Asia Pacific,Hong Kong,39,0.00
8.222.167.147,2095,2095,false,SIN,Asia Pacific,Singapore,39,0.00
47.242.119.104,8880,8880,false,HKG,Asia Pacific,Hong Kong,39,0.00
8.210.21.65,80,80,false,HKG,Asia Pacific,Hong Kong,39,0.00
8.218.174.118,2082,2082,false,HKG,Asia Pacific,Hong Kong,39,0.00
8.217.239.116,2052,2052,false,HKG,Asia Pacific,Hong Kong,39,0.00
47.242.157.96,8080,8080,false,HKG,Asia Pacific,Hong Kong,39,0.00
47.76.213.245,2052,2052,false,HKG,Asia Pacific,Hong Kong,39,0.00
8.218.11.90,2095,2095,false,HKG,Asia Pacific,Hong Kong,39,0.00
8.218.136.25,8080,8080,false,HKG,Asia Pacific,Hong Kong,39,0.00
47.76.189.102,2082,2082,false,HKG,Asia Pacific,Hong Kong,39,0.00
47.242.119.104,2082,2082,false,HKG,Asia Pacific,Hong Kong,39,0.00
8.218.2.181,2082,2082,false,HKG,Asia Pacific,Hong Kong,39,0.00
47.76.192.24,2052,2052,false,HKG,Asia Pacific,Hong Kong,39,0.00
8.217.85.14,2052,2052,false,HKG,Asia Pacific,Hong Kong,39,0.00
47.76.33.40,2082,2082,false,HKG,Asia Pacific,Hong Kong,39,0.00
47.76.80.72,80,80,false,HKG,Asia Pacific,Hong Kong,39,0.00
47.242.59.216,2095,2095,false,HKG,Asia Pacific,Hong Kong,39,0.00
8.219.117.198,80,80,false,SIN,Asia Pacific,Singapore,39,0.00
8.218.173.78,2052,2052,false,HKG,Asia Pacific,Hong Kong,39,0.00
8.210.175.109,2082,2082,false,HKG,Asia Pacific,Hong Kong,39,0.00
47.236.170.225,2086,2086,false,SIN,Asia Pacific,Singapore,39,0.00
8.218.2.181,8880,8880,false,HKG,Asia Pacific,Hong Kong,39,0.00
47.57.245.232,80,80,false,SJC,North America,San Jose,39,0.00
47.238.6.102,2095,2095,false,HKG,Asia Pacific,Hong Kong,39,0.00
47.76.29.115,8080,8080,false,HKG,Asia Pacific,Hong Kong,39,0.00
47.243.255.224,80,80,false,HKG,Asia Pacific,Hong Kong,39,0.00
8.219.97.50,2086,2086,false,SIN,Asia Pacific,Singapore,39,0.00
8.210.156.6,8080,8080,false,HKG,Asia Pacific,Hong Kong,39,0.00
47.76.203.101,80,80,false,HKG,Asia Pacific,Hong Kong,39,0.00
8.218.188.129,80,80,false,HKG,Asia Pacific,Hong Kong,39,0.00
47.243.173.187,8080,8080,false,HKG,Asia Pacific,Hong Kong,39,0.00
8.219.107.135,2082,2082,false,SIN,Asia Pacific,Singapore,39,0.00
47.242.183.7,2082,2082,false,HKG,Asia Pacific,Hong Kong,39,0.00
8.219.83.71,2095,2095,false,SIN,Asia Pacific,Singapore,39,0.00
8.217.181.213,8880,8880,false,HKG,Asia Pacific,Hong Kong,39,0.00
8.218.11.90,2052,2052,false,HKG,Asia Pacific,Hong Kong,39,0.00
8.210.107.246,2086,2086,false,HKG,Asia Pacific,Hong Kong,39,0.00
8.210.100.23,80,80,false,HKG,Asia Pacific,Hong Kong,39,0.00
8.217.91.121,8080,8080,false,HKG,Asia Pacific,Hong Kong,39,0.00
8.218.2.181,8080,8080,false,HKG,Asia Pacific,Hong Kong,39,0.00
8.218.3.198,2083,2083,true,HKG,Asia Pacific,Hong Kong,39,0.00
8.218.142.253,80,80,false,HKG,Asia Pacific,Hong Kong,39,0.00
47.238.40.58,8080,8080,false,HKG,Asia Pacific,Hong Kong,39,0.00
47.242.183.7,2052,2052,false,HKG,Asia Pacific,Hong Kong,39,0.00
47.76.233.67,8080,8080,false,HKG,Asia Pacific,Hong Kong,39,0.00
8.218.18.235,2052,2052,false,HKG,Asia Pacific,Hong Kong,39,0.00
47.76.159.146,80,80,false,HKG,Asia Pacific,Hong Kong,39,0.00
8.210.63.130,80,80,false,HKG,Asia Pacific,Hong Kong,39,0.00
8.219.84.214,2082,2082,false,SIN,Asia Pacific,Singapore,39,0.00
8.210.55.134,2052,2052,false,HKG,Asia Pacific,Hong Kong,39,0.00
47.238.131.39,8080,8080,false,HKG,Asia Pacific,Hong Kong,39,0.00
47.236.232.148,8080,8080,false,SIN,Asia Pacific,Singapore,39,0.00
8.210.101.157,2095,2095,false,HKG,Asia Pacific,Hong Kong,39,0.00
47.243.255.224,8880,8880,false,HKG,Asia Pacific,Hong Kong,39,0.00
8.218.18.132,2095,2095,false,HKG,Asia Pacific,Hong Kong,39,0.00
47.76.213.245,2095,2095,false,HKG,Asia Pacific,Hong Kong,39,0.00
8.218.22.210,2052,2052,false,HKG,Asia Pacific,Hong Kong,39,0.00
47.236.205.188,2052,2052,false,SIN,Asia Pacific,Singapore,39,0.00
47.242.125.241,8880,8880,false,HKG,Asia Pacific,Hong Kong,39,0.00
8.218.148.106,80,80,false,HKG,Asia Pacific,Hong Kong,39,0.00
8.218.8.142,2052,2052,false,HKG,Asia Pacific,Hong Kong,39,0.00
47.243.255.224,2086,2086,false,HKG,Asia Pacific,Hong Kong,39,0.00
47.242.155.183,80,80,false,HKG,Asia Pacific,Hong Kong,39,0.00
8.210.34.188,8880,8880,false,HKG,Asia Pacific,Hong Kong,39,0.00
8.218.204.128,8080,8080,false,HKG,Asia Pacific,Hong Kong,39,0.00
8.217.85.14,2086,2086,false,HKG,Asia Pacific,Hong Kong,39,0.00
47.76.98.98,80,80,false,HKG,Asia Pacific,Hong Kong,39,0.00
8.219.126.240,8443,8443,true,SIN,Asia Pacific,Singapore,39,0.00
47.76.204.76,2095,2095,false,HKG,Asia Pacific,Hong Kong,39,0.00
47.238.40.58,2052,2052,false,HKG,Asia Pacific,Hong Kong,39,0.00
47.243.91.58,2052,2052,false,HKG,Asia Pacific,Hong Kong,39,0.00
47.242.183.7,2095,2095,false,HKG,Asia Pacific,Hong Kong,39,0.00
47.242.183.7,8880,8880,false,HKG,Asia Pacific,Hong Kong,39,0.00
8.218.3.12,8080,8080,false,HKG,Asia Pacific,Hong Kong,39,0.00
8.219.229.190,2052,2052,false,SIN,Asia Pacific,Singapore,39,0.00
47.243.183.127,8080,8080,false,HKG,Asia Pacific,Hong Kong,39,0.00
8.218.211.17,2052,2052,false,HKG,Asia Pacific,Hong Kong,39,0.00
8.218.65.171,8880,8880,false,HKG,Asia Pacific,Hong Kong,39,0.00
47.238.43.79,8080,8080,false,HKG,Asia Pacific,Hong Kong,39,0.00
8.210.244.38,80,80,false,HKG,Asia Pacific,Hong Kong,39,0.00
47.243.255.224,2095,2095,false,HKG,Asia Pacific,Hong Kong,39,0.00
8.210.119.11,80,80,false,HKG,Asia Pacific,Hong Kong,39,0.00
8.210.34.188,2095,2095,false,HKG,Asia Pacific,Hong Kong,39,0.00
47.76.233.67,80,80,false,HKG,Asia Pacific,Hong Kong,39,0.00
8.218.65.237,8080,8080,false,HKG,Asia Pacific,Hong Kong,39,0.00
47.242.54.157,2082,2082,false,HKG,Asia Pacific,Hong Kong,39,0.00
8.217.50.252,2052,2052,false,HKG,Asia Pacific,Hong Kong,39,0.00
8.219.114.201,2087,2087,true,SIN,Asia Pacific,Singapore,39,0.00
47.243.183.127,8880,8880,false,HKG,Asia Pacific,Hong Kong,39,0.00
47.243.169.63,2052,2052,false,HKG,Asia Pacific,Hong Kong,39,0.00
47.76.227.40,8880,8880,false,HKG,Asia Pacific,Hong Kong,39,0.00
47.242.176.237,2086,2086,false,HKG,Asia Pacific,Hong Kong,39,0.00
8.219.194.170,2086,2086,false,SIN,Asia Pacific,Singapore,39,0.00
47.76.222.57,8080,8080,false,HKG,Asia Pacific,Hong Kong,39,0.00
8.212.12.98,80,80,false,HKG,Asia Pacific,Hong Kong,39,0.00
8.217.49.34,2052,2052,false,HKG,Asia Pacific,Hong Kong,39,0.00
8.210.100.23,8880,8880,false,HKG,Asia Pacific,Hong Kong,39,0.00
8.210.3.24,2086,2086,false,HKG,Asia Pacific,Hong Kong,39,0.00
8.210.39.96,2095,2095,false,HKG,Asia Pacific,Hong Kong,39,0.00
47.76.189.102,2095,2095,false,HKG,Asia Pacific,Hong Kong,39,0.00
47.243.203.119,2082,2082,false,HKG,Asia Pacific,Hong Kong,39,0.00
8.222.214.231,2086,2086,false,SIN,Asia Pacific,Singapore,39,0.00
8.218.3.12,8080,8080,false,HKG,Asia Pacific,Hong Kong,39,0.00
8.210.207.214,8080,8080,false,HKG,Asia Pacific,Hong Kong,39,0.00
8.210.175.109,8880,8880,false,HKG,Asia Pacific,Hong Kong,39,0.00
8.218.53.110,80,80,false,HKG,Asia Pacific,Hong Kong,39,0.00
8.210.42.171,2086,2086,false,HKG,Asia Pacific,Hong Kong,39,0.00
8.222.174.108,2095,2095,false,SIN,Asia Pacific,Singapore,39,0.00
8.219.126.240,2083,2083,true,SIN,Asia Pacific,Singapore,39,0.00
8.218.174.118,2052,2052,false,HKG,Asia Pacific,Hong Kong,39,0.00
47.242.202.230,2086,2086,false,HKG,Asia Pacific,Hong Kong,39,0.00
47.236.75.152,80,80,false,SIN,Asia Pacific,Singapore,39,0.00
8.217.50.252,8080,8080,false,HKG,Asia Pacific,Hong Kong,39,0.00
47.242.42.153,2095,2095,false,HKG,Asia Pacific,Hong Kong,39,0.00
47.242.119.104,2086,2086,false,HKG,Asia Pacific,Hong Kong,39,0.00
47.76.233.67,2052,2052,false,HKG,Asia Pacific,Hong Kong,39,0.00
8.219.107.135,80,80,false,SIN,Asia Pacific,Singapore,39,0.00
47.242.7.162,8443,8443,true,HKG,Asia Pacific,Hong Kong,39,0.00
8.218.18.235,2052,2052,false,HKG,Asia Pacific,Hong Kong,39,0.00
47.243.74.220,2095,2095,false,HKG,Asia Pacific,Hong Kong,39,0.00
8.218.74.119,8080,8080,false,HKG,Asia Pacific,Hong Kong,39,0.00
8.218.143.10,8080,8080,false,HKG,Asia Pacific,Hong Kong,40,0.00
8.210.21.65,8080,8080,false,HKG,Asia Pacific,Hong Kong,40,0.00
8.210.100.23,8080,8080,false,HKG,Asia Pacific,Hong Kong,40,0.00
8.218.8.142,2095,2095,false,HKG,Asia Pacific,Hong Kong,40,0.00
47.242.155.183,8080,8080,false,HKG,Asia Pacific,Hong Kong,40,0.00
47.76.80.72,8080,8080,false,HKG,Asia Pacific,Hong Kong,40,0.00
47.242.234.127,2082,2082,false,HKG,Asia Pacific,Hong Kong,40,0.00
47.243.51.171,8080,8080,false,HKG,Asia Pacific,Hong Kong,40,0.00
8.210.9.129,80,80,false,HKG,Asia Pacific,Hong Kong,40,0.00
8.217.221.165,8080,8080,false,HKG,Asia Pacific,Hong Kong,40,0.00
8.218.18.132,2086,2086,false,HKG,Asia Pacific,Hong Kong,40,0.00
8.218.53.110,2052,2052,false,HKG,Asia Pacific,Hong Kong,40,0.00
8.218.188.129,2082,2082,false,HKG,Asia Pacific,Hong Kong,40,0.00
8.218.81.14,2082,2082,false,HKG,Asia Pacific,Hong Kong,40,0.00
47.236.172.95,8880,8880,false,SIN,Asia Pacific,Singapore,40,0.00
47.243.173.187,2052,2052,false,HKG,Asia Pacific,Hong Kong,40,0.00
8.210.9.129,8080,8080,false,HKG,Asia Pacific,Hong Kong,40,0.00
8.217.181.213,2052,2052,false,HKG,Asia Pacific,Hong Kong,40,0.00
47.242.157.96,2086,2086,false,HKG,Asia Pacific,Hong Kong,40,0.00
47.242.183.7,80,80,false,HKG,Asia Pacific,Hong Kong,40,0.00
8.210.42.171,2095,2095,false,HKG,Asia Pacific,Hong Kong,40,0.00
47.237.125.8,2052,2052,false,SIN,Asia Pacific,Singapore,40,0.00
47.243.139.243,2086,2086,false,HKG,Asia Pacific,Hong Kong,40,0.00
47.243.255.224,8880,8880,false,HKG,Asia Pacific,Hong Kong,40,0.00
47.243.27.217,2082,2082,false,HKG,Asia Pacific,Hong Kong,40,0.00
47.238.131.39,2086,2086,false,HKG,Asia Pacific,Hong Kong,40,0.00
47.243.203.119,8880,8880,false,HKG,Asia Pacific,Hong Kong,40,0.00
8.219.194.170,8080,8080,false,SIN,Asia Pacific,Singapore,40,0.00
47.236.171.205,8880,8880,false,SIN,Asia Pacific,Singapore,40,0.00
47.76.146.1,2095,2095,false,HKG,Asia Pacific,Hong Kong,40,0.00
47.236.5.223,8880,8880,false,SIN,Asia Pacific,Singapore,40,0.00
8.218.18.235,8880,8880,false,HKG,Asia Pacific,Hong Kong,40,0.00
47.76.227.128,2086,2086,false,HKG,Asia Pacific,Hong Kong,40,0.00
47.243.139.85,80,80,false,HKG,Asia Pacific,Hong Kong,40,0.00
8.210.39.96,80,80,false,HKG,Asia Pacific,Hong Kong,40,0.00
47.243.90.180,80,80,false,HKG,Asia Pacific,Hong Kong,40,0.00
8.219.139.13,2086,2086,false,SIN,Asia Pacific,Singapore,40,0.00
47.76.227.128,2082,2082,false,HKG,Asia Pacific,Hong Kong,40,0.00
47.236.144.156,80,80,false,SIN,Asia Pacific,Singapore,40,0.00
8.217.164.10,80,80,false,HKG,Asia Pacific,Hong Kong,40,0.00
47.243.183.127,2095,2095,false,HKG,Asia Pacific,Hong Kong,40,0.00
8.210.107.246,2083,2083,true,HKG,Asia Pacific,Hong Kong,40,0.00
8.217.159.210,80,80,false,HKG,Asia Pacific,Hong Kong,40,0.00
47.242.232.14,8080,8080,false,HKG,Asia Pacific,Hong Kong,40,0.00
8.218.53.110,2052,2052,false,HKG,Asia Pacific,Hong Kong,40,0.00
8.217.193.25,2095,2095,false,HKG,Asia Pacific,Hong Kong,40,0.00
8.210.207.214,2052,2052,false,HKG,Asia Pacific,Hong Kong,40,0.00
8.218.22.210,2095,2095,false,HKG,Asia Pacific,Hong Kong,40,0.00
8.218.174.118,2095,2095,false,HKG,Asia Pacific,Hong Kong,40,0.00
8.218.3.198,2082,2082,false,HKG,Asia Pacific,Hong Kong,40,0.00
8.218.3.12,2052,2052,false,HKG,Asia Pacific,Hong Kong,40,0.00
47.243.234.9,2082,2082,false,HKG,Asia Pacific,Hong Kong,40,0.00
47.76.159.146,2095,2095,false,HKG,Asia Pacific,Hong Kong,40,0.00
47.243.139.85,2052,2052,false,HKG,Asia Pacific,Hong Kong,40,0.00
8.217.121.207,2082,2082,false,HKG,Asia Pacific,Hong Kong,40,0.00
8.210.48.107,2082,2082,false,HKG,Asia Pacific,Hong Kong,40,0.00
47.238.43.79,80,80,false,HKG,Asia Pacific,Hong Kong,40,0.00
8.218.3.198,8880,8880,false,HKG,Asia Pacific,Hong Kong,40,0.00
47.236.5.223,2052,2052,false,SIN,Asia Pacific,Singapore,40,0.00
8.222.144.50,2082,2082,false,SIN,Asia Pacific,Singapore,40,0.00
8.218.136.25,2095,2095,false,HKG,Asia Pacific,Hong Kong,40,0.00
47.243.26.83,2095,2095,false,HKG,Asia Pacific,Hong Kong,40,0.00
8.218.228.152,8080,8080,false,HKG,Asia Pacific,Hong Kong,40,0.00
47.76.189.102,2095,2095,false,HKG,Asia Pacific,Hong Kong,40,0.00
47.76.146.1,2096,2096,true,HKG,Asia Pacific,Hong Kong,40,0.00
47.243.42.219,80,80,false,HKG,Asia Pacific,Hong Kong,40,0.00
47.242.54.157,2052,2052,false,HKG,Asia Pacific,Hong Kong,40,0.00
8.210.66.190,2082,2082,false,HKG,Asia Pacific,Hong Kong,40,0.00
47.76.29.115,2086,2086,false,HKG,Asia Pacific,Hong Kong,40,0.00
47.242.125.241,80,80,false,HKG,Asia Pacific,Hong Kong,40,0.00
8.218.8.142,2052,2052,false,HKG,Asia Pacific,Hong Kong,40,0.00
47.243.173.187,8080,8080,false,HKG,Asia Pacific,Hong Kong,40,0.00
47.243.186.171,80,80,false,HKG,Asia Pacific,Hong Kong,40,0.00
47.236.146.249,2082,2082,false,SIN,Asia Pacific,Singapore,40,0.00
8.218.146.204,2052,2052,false,HKG,Asia Pacific,Hong Kong,40,0.00
8.217.232.246,2086,2086,false,HKG,Asia Pacific,Hong Kong,40,0.00
47.236.180.51,80,80,false,SIN,Asia Pacific,Singapore,40,0.00
8.210.174.156,2052,2052,false,HKG,Asia Pacific,Hong Kong,40,0.00
8.210.9.129,8880,8880,false,HKG,Asia Pacific,Hong Kong,40,0.00
8.217.72.0,2082,2082,false,HKG,Asia Pacific,Hong Kong,40,0.00
8.217.50.252,2052,2052,false,HKG,Asia Pacific,Hong Kong,40,0.00
8.210.42.171,80,80,false,HKG,Asia Pacific,Hong Kong,40,0.00
8.218.2.181,2086,2086,false,HKG,Asia Pacific,Hong Kong,40,0.00
8.217.154.218,2095,2095,false,HKG,Asia Pacific,Hong Kong,40,0.00
47.238.40.58,8880,8880,false,HKG,Asia Pacific,Hong Kong,40,0.00
8.210.192.93,2086,2086,false,HKG,Asia Pacific,Hong Kong,40,0.00
8.218.65.171,8080,8080,false,HKG,Asia Pacific,Hong Kong,40,0.00
47.238.40.58,2082,2082,false,HKG,Asia Pacific,Hong Kong,40,0.00
47.76.227.128,8880,8880,false,HKG,Asia Pacific,Hong Kong,40,0.00
47.243.255.224,2082,2082,false,HKG,Asia Pacific,Hong Kong,40,0.00
47.238.5.0,2086,2086,false,HKG,Asia Pacific,Hong Kong,40,0.00
8.218.48.92,2095,2095,false,HKG,Asia Pacific,Hong Kong,40,0.00
47.236.144.156,8880,8880,false,SIN,Asia Pacific,Singapore,40,0.00
47.243.107.148,8080,8080,false,HKG,Asia Pacific,Hong Kong,40,0.00
8.217.49.34,8080,8080,false,HKG,Asia Pacific,Hong Kong,40,0.00
47.57.233.126,80,80,false,SJC,North America,San Jose,40,0.00
8.217.221.165,2086,2086,false,HKG,Asia Pacific,Hong Kong,40,0.00
47.238.131.39,2095,2095,false,HKG,Asia Pacific,Hong Kong,40,0.00
47.76.29.115,80,80,false,HKG,Asia Pacific,Hong Kong,40,0.00
47.242.183.7,2086,2086,false,HKG,Asia Pacific,Hong Kong,40,0.00
47.242.174.27,8080,8080,false,HKG,Asia Pacific,Hong Kong,40,0.00
47.243.255.224,2052,2052,false,HKG,Asia Pacific,Hong Kong,40,0.00
8.218.3.198,2095,2095,false,HKG,Asia Pacific,Hong Kong,40,0.00
8.222.165.117,2052,2052,false,SIN,Asia Pacific,Singapore,40,0.00
8.210.65.1,2052,2052,false,HKG,Asia Pacific,Hong Kong,40,0.00
47.237.10.1,2086,2086,false,SIN,Asia Pacific,Singapore,40,0.00
47.76.227.128,2082,2082,false,HKG,Asia Pacific,Hong Kong,40,0.00
47.243.60.150,8880,8880,false,HKG,Asia Pacific,Hong Kong,40,0.00
8.210.9.129,2087,2087,true,HKG,Asia Pacific,Hong Kong,40,0.00
47.243.42.219,2086,2086,false,HKG,Asia Pacific,Hong Kong,40,0.00
47.242.174.27,2086,2086,false,HKG,Asia Pacific,Hong Kong,40,0.00
8.210.65.1,2052,2052,false,HKG,Asia Pacific,Hong Kong,40,0.00
47.236.5.223,2086,2086,false,SIN,Asia Pacific,Singapore,40,0.00
47.236.172.71,8080,8080,false,SIN,Asia Pacific,Singapore,40,0.00
47.243.243.14,2095,2095,false,HKG,Asia Pacific,Hong Kong,40,0.00
47.243.203.119,2052,2052,false,HKG,Asia Pacific,Hong Kong,40,0.00
47.76.222.57,2052,2052,false,HKG,Asia Pacific,Hong Kong,40,0.00
8.222.156.242,2052,2052,false,SIN,Asia Pacific,Singapore,40,0.00
8.217.239.116,2082,2082,false,HKG,Asia Pacific,Hong Kong,40,0.00
47.242.202.230,8880,8880,false,HKG,Asia Pacific,Hong Kong,40,0.00
8.218.3.198,2052,2052,false,HKG,Asia Pacific,Hong Kong,40,0.00
47.250.57.45,80,443,true,SIN,Asia Pacific,Singapore,41,0.00
47.243.91.58,80,80,false,HKG,Asia Pacific,Hong Kong,41,0.00
8.210.107.246,2086,2086,false,HKG,Asia Pacific,Hong Kong,41,0.00
8.222.165.117,2052,2052,false,SIN,Asia Pacific,Singapore,41,0.00
8.210.65.1,2095,2095,false,HKG,Asia Pacific,Hong Kong,41,0.00
8.210.146.108,8080,8080,false,HKG,Asia Pacific,Hong Kong,41,0.00
8.217.221.165,80,80,false,HKG,Asia Pacific,Hong Kong,41,0.00
8.210.146.108,2095,2095,false,HKG,Asia Pacific,Hong Kong,41,0.00
47.76.203.101,2095,2095,false,HKG,Asia Pacific,Hong Kong,41,0.00
47.76.233.67,2052,2052,false,HKG,Asia Pacific,Hong Kong,41,0.00
8.210.42.171,2086,2086,false,HKG,Asia Pacific,Hong Kong,41,0.00
47.243.60.150,2052,2052,false,HKG,Asia Pacific,Hong Kong,41,0.00
8.218.53.110,2082,2082,false,HKG,Asia Pacific,Hong Kong,41,0.00
8.210.192.93,80,80,false,HKG,Asia Pacific,Hong Kong,41,0.00
47.242.155.183,2052,2052,false,HKG,Asia Pacific,Hong Kong,41,0.00
47.242.17.250,80,80,false,HKG,Asia Pacific,Hong Kong,41,0.00
8.210.107.246,8880,8880,false,HKG,Asia Pacific,Hong Kong,41,0.00
8.218.81.14,8080,8080,false,HKG,Asia Pacific,Hong Kong,41,0.00
47.76.159.146,2086,2086,false,HKG,Asia Pacific,Hong Kong,41,0.00
8.210.65.1,8080,8080,false,HKG,Asia Pacific,Hong Kong,41,0.00
47.76.98.98,8880,8880,false,HKG,Asia Pacific,Hong Kong,41,0.00
8.210.3.24,2082,2082,false,HKG,Asia Pacific,Hong Kong,41,0.00
8.218.146.204,2086,2086,false,HKG,Asia Pacific,Hong Kong,41,0.00
47.243.74.220,2086,2086,false,HKG,Asia Pacific,Hong Kong,41,0.00
47.242.202.230,2095,2095,false,HKG,Asia Pacific,Hong Kong,41,0.00
47.76.146.1,8880,8880,false,HKG,Asia Pacific,Hong Kong,41,0.00
47.238.131.39,80,80,false,HKG,Asia Pacific,Hong Kong,41,0.00
47.238.6.58,8880,8880,false,HKG,Asia Pacific,Hong Kong,41,0.00
8.218.85.128,2086,2086,false,HKG,Asia Pacific,Hong Kong,41,0.00
47.76.192.24,8880,8880,false,HKG,Asia Pacific,Hong Kong,41,0.00
47.76.203.101,8880,8880,false,HKG,Asia Pacific,Hong Kong,41,0.00
47.236.75.113,2086,2086,false,SIN,Asia Pacific,Singapore,41,0.00
47.76.214.139,8080,8080,false,HKG,Asia Pacific,Hong Kong,41,0.00
8.218.18.235,80,80,false,HKG,Asia Pacific,Hong Kong,41,0.00
47.76.222.57,2086,2086,false,HKG,Asia Pacific,Hong Kong,41,0.00
8.218.155.238,2086,2086,false,HKG,Asia Pacific,Hong Kong,41,0.00
47.243.243.14,2082,2082,false,HKG,Asia Pacific,Hong Kong,41,0.00
8.219.111.175,2082,2082,false,SIN,Asia Pacific,Singapore,41,0.00
47.76.192.24,2086,2086,false,HKG,Asia Pacific,Hong Kong,41,0.00
47.242.125.241,2052,2052,false,HKG,Asia Pacific,Hong Kong,41,0.00
47.76.33.40,80,80,false,HKG,Asia Pacific,Hong Kong,41,0.00
47.76.233.67,8880,8880,false,HKG,Asia Pacific,Hong Kong,41,0.00
8.217.85.14,2052,2052,false,HKG,Asia Pacific,Hong Kong,41,0.00
47.243.234.9,80,80,false,HKG,Asia Pacific,Hong Kong,41,0.00
8.217.72.0,8080,8080,false,HKG,Asia Pacific,Hong Kong,41,0.00
8.222.179.231,2052,2052,false,SIN,Asia Pacific,Singapore,41,0.00
8.219.40.37,2086,2086,false,SIN,Asia Pacific,Singapore,41,0.00
8.217.181.213,2086,2086,false,HKG,Asia Pacific,Hong Kong,41,0.00
8.210.9.129,2052,2052,false,HKG,Asia Pacific,Hong Kong,41,0.00
47.243.91.58,8080,8080,false,HKG,Asia Pacific,Hong Kong,41,0.00
8.218.222.36,2052,2052,false,HKG,Asia Pacific,Hong Kong,41,0.00
8.218.222.36,2086,2086,false,HKG,Asia Pacific,Hong Kong,41,0.00
8.217.250.222,80,80,false,HKG,Asia Pacific,Hong Kong,41,0.00
47.76.189.102,2052,2052,false,HKG,Asia Pacific,Hong Kong,41,0.00
8.210.89.245,2086,2086,false,HKG,Asia Pacific,Hong Kong,41,0.00
8.218.18.132,8080,8080,false,HKG,Asia Pacific,Hong Kong,41,0.00
47.76.214.139,2052,2052,false,HKG,Asia Pacific,Hong Kong,41,0.00
8.210.175.109,80,80,false,HKG,Asia Pacific,Hong Kong,41,0.00
8.210.43.213,80,80,false,HKG,Asia Pacific,Hong Kong,41,0.00
47.242.234.127,80,80,false,HKG,Asia Pacific,Hong Kong,41,0.00
47.76.98.98,2086,2086,false,HKG,Asia Pacific,Hong Kong,41,0.00
8.218.136.25,80,80,false,HKG,Asia Pacific,Hong Kong,41,0.00
8.217.147.230,2052,2052,false,HKG,Asia Pacific,Hong Kong,41,0.00
47.243.18.199,2052,2052,false,HKG,Asia Pacific,Hong Kong,41,0.00
8.210.3.24,80,80,false,HKG,Asia Pacific,Hong Kong,41,0.00
8.218.222.36,8080,8080,false,HKG,Asia Pacific,Hong Kong,41,0.00
47.243.42.219,2052,2052,false,HKG,Asia Pacific,Hong Kong,41,0.00
8.210.101.157,2052,2052,false,HKG,Asia Pacific,Hong Kong,41,0.00
47.245.102.52,8080,8080,false,SIN,Asia Pacific,Singapore,41,0.00
47.76.80.72,2052,2052,false,HKG,Asia Pacific,Hong Kong,41,0.00
8.218.201.73,2082,2082,false,HKG,Asia Pacific,Hong Kong,41,0.00
47.243.107.148,2095,2095,false,HKG,Asia Pacific,Hong Kong,41,0.00
8.217.232.246,2082,2082,false,HKG,Asia Pacific,Hong Kong,41,0.00
8.218.136.25,8080,8080,false,HKG,Asia Pacific,Hong Kong,41,0.00
47.242.174.27,8880,8880,false,HKG,Asia Pacific,Hong Kong,41,0.00
47.236.165.25,80,80,false,SIN,Asia Pacific,Singapore,41,0.00
8.218.74.119,80,80,false,HKG,Asia Pacific,Hong Kong,41,0.00
8.210.244.38,80,80,false,HKG,Asia Pacific,Hong Kong,41,0.00
47.76.189.102,8880,8880,false,HKG,Asia Pacific,Hong Kong,41,0.00
8.218.228.152,2082,2082,false,HKG,Asia Pacific,Hong Kong,41,0.00
8.218.81.14,8880,8880,false,HKG,Asia Pacific,Hong Kong,41,0.00
8.217.49.34,2082,2082,false,HKG,Asia Pacific,Hong Kong,41,0.00
8.217.149.28,8080,8080,false,HKG,Asia Pacific,Hong Kong,41,0.00
8.218.243.95,2086,2086,false,HKG,Asia Pacific,Hong Kong,41,0.00
47.243.42.219,2095,2095,false,HKG,Asia Pacific,Hong Kong,41,0.00
47.243.18.199,2095,2095,false,HKG,Asia Pacific,Hong Kong,41,0.00
47.76.225.255,8080,8080,false,HKG,Asia Pacific,Hong Kong,41,0.00
8.222.249.190,2082,2082,false,SIN,Asia Pacific,Singapore,41,0.00
47.242.171.94,2052,2052,false,HKG,Asia Pacific,Hong Kong,41,0.00
47.76.77.103,80,80,false,HKG,Asia Pacific,Hong Kong,41,0.00
47.243.206.150,2086,2086,false,HKG,Asia Pacific,Hong Kong,41,0.00
8.217.147.230,2095,2095,false,HKG,Asia Pacific,Hong Kong,41,0.00
8.219.237.250,80,80,false,SIN,Asia Pacific,Singapore,41,0.00
8.210.245.224,2095,2095,false,HKG,Asia Pacific,Hong Kong,41,0.00
47.243.243.14,8080,8080,false,HKG,Asia Pacific,Hong Kong,41,0.00
47.76.192.24,2095,2095,false,HKG,Asia Pacific,Hong Kong,41,0.00
8.217.85.14,80,80,false,HKG,Asia Pacific,Hong Kong,41,0.00
47.76.26.26,2052,2052,false,HKG,Asia Pacific,Hong Kong,41,0.00
47.237.95.13,2095,2095,false,SIN,Asia Pacific,Singapore,41,0.00
47.243.86.79,8880,8880,false,HKG,Asia Pacific,Hong Kong,41,0.00
8.217.145.40,2095,2095,false,HKG,Asia Pacific,Hong Kong,41,0.00
47.243.86.79,8080,8080,false,HKG,Asia Pacific,Hong Kong,41,0.00
8.218.207.169,2095,2095,false,HKG,Asia Pacific,Hong Kong,41,0.00
47.242.119.104,2052,2052,false,HKG,Asia Pacific,Hong Kong,41,0.00
47.76.225.255,2086,2086,false,HKG,Asia Pacific,Hong Kong,41,0.00
8.218.173.78,8080,8080,false,HKG,Asia Pacific,Hong Kong,41,0.00
8.218.65.237,2095,2095,false,HKG,Asia Pacific,Hong Kong,41,0.00
8.218.126.53,2052,2052,false,HKG,Asia Pacific,Hong Kong,41,0.00
47.76.26.26,80,80,false,HKG,Asia Pacific,Hong Kong,41,0.00
47.250.14.44,80,443,true,SIN,Asia Pacific,Singapore,41,0.00
8.217.221.165,2052,2052,false,HKG,Asia Pacific,Hong Kong,41,0.00
8.210.63.130,2086,2086,false,HKG,Asia Pacific,Hong Kong,41,0.00
47.76.159.146,2086,2086,false,HKG,Asia Pacific,Hong Kong,41,0.00
8.218.207.169,8080,8080,false,HKG,Asia Pacific,Hong Kong,41,0.00
47.238.6.102,2052,2052,false,HKG,Asia Pacific,Hong Kong,41,0.00
8.218.65.237,8880,8880,false,HKG,Asia Pacific,Hong Kong,41,0.00
47.76.214.139,80,80,false,HKG,Asia Pacific,Hong Kong,41,0.00
47.243.60.150,80,80,false,HKG,Asia Pacific,Hong Kong,41,0.00
8.218.11.90,2082,2082,false,HKG,Asia Pacific,Hong Kong,41,0.00
8.217.193.25,2052,2052,false,HKG,Asia Pacific,Hong Kong,41,0.00
47.243.139.85,8080,8080,false,HKG,Asia Pacific,Hong Kong,41,0.00
47.237.82.15,2095,2095,false,SIN,Asia Pacific,Singapore,41,0.00
47.238.6.102,80,80,false,HKG,Asia Pacific,Hong Kong,41,0.00
47.76.37.57,8443,8443,true,HKG,Asia Pacific,Hong Kong,41,0.00
47.243.91.58,8880,8880,false,HKG,Asia Pacific,Hong Kong,41,0.00
8.218.81.14,80,80,false,HKG,Asia Pacific,Hong Kong,41,0.00
47.76.213.245,2082,2082,false,HKG,Asia Pacific,Hong Kong,41,0.00
8.218.142.253,8880,8880,false,HKG,Asia Pacific,Hong Kong,41,0.00
47.76.213.245,8080,8080,false,HKG,Asia Pacific,Hong Kong,41,0.00
8.210.174.156,2096,2096,true,HKG,Asia Pacific,Hong Kong,41,0.00
47.243.183.127,2052,2052,false,HKG,Asia Pacific,Hong Kong,41,0.00
8.218.74.119,2052,2052,false,HKG,Asia Pacific,Hong Kong,41,0.00
47.242.252.237,2095,2095,false,HKG,Asia Pacific,Hong Kong,41,0.00
8.218.81.14,8880,8880,false,HKG,Asia Pacific,Hong Kong,41,0.00
47.242.155.183,2095,2095,false,HKG,Asia Pacific,Hong Kong,41,0.00
47.238.131.39,2082,2082,false,HKG,Asia Pacific,Hong Kong,42,0.00
47.237.81.112,2052,2052,false,SIN,Asia Pacific,Singapore,42,0.00
47.76.32.108,8080,8080,false,HKG,Asia Pacific,Hong Kong,42,0.00
8.210.244.38,2086,2086,false,HKG,Asia Pacific,Hong Kong,42,0.00
8.218.204.128,2095,2095,false,HKG,Asia Pacific,Hong Kong,42,0.00
8.217.85.14,2082,2082,false,HKG,Asia Pacific,Hong Kong,42,0.00
47.242.17.250,2086,2086,false,HKG,Asia Pacific,Hong Kong,42,0.00
47.76.33.40,8880,8880,false,HKG,Asia Pacific,Hong Kong,42,0.00
47.76.227.40,2086,2086,false,HKG,Asia Pacific,Hong Kong,42,0.00
8.210.156.6,2095,2095,false,HKG,Asia Pacific,Hong Kong,42,0.00
8.217.248.220,2086,2086,false,HKG,Asia Pacific,Hong Kong,42,0.00
8.218.81.14,2095,2095,false,HKG,Asia Pacific,Hong Kong,42,0.00
47.243.243.14,2095,2095,false,HKG,Asia Pacific,Hong Kong,42,0.00
47.76.214.139,2082,2082,false,HKG,Asia Pacific,Hong Kong,42,0.00
47.76.29.115,2095,2095,false,HKG,Asia Pacific,Hong Kong,42,0.00
8.218.222.36,8880,8880,false,HKG,Asia Pacific,Hong Kong,42,0.00
47.243.243.14,8880,8880,false,HKG,Asia Pacific,Hong Kong,42,0.00
47.243.243.14,2052,2052,false,HKG,Asia Pacific,Hong Kong,42,0.00
8.217.232.246,2082,2082,false,HKG,Asia Pacific,Hong Kong,42,0.00
8.218.85.128,80,80,false,HKG,Asia Pacific,Hong Kong,42,0.00
47.238.43.79,8880,8880,false,HKG,Asia Pacific,Hong Kong,42,0.00
8.210.203.7,2095,2095,false,HKG,Asia Pacific,Hong Kong,42,0.00
8.217.127.73,2052,2052,false,HKG,Asia Pacific,Hong Kong,42,0.00
47.243.74.220,80,80,false,HKG,Asia Pacific,Hong Kong,42,0.00
8.218.22.210,2095,2095,false,HKG,Asia Pacific,Hong Kong,42,0.00
8.218.65.171,8880,8880,false,HKG,Asia Pacific,Hong Kong,42,0.00
8.218.48.92,8880,8880,false,HKG,Asia Pacific,Hong Kong,42,0.00
8.218.122.55,2082,2082,false,HKG,Asia Pacific,Hong Kong,42,0.00
47.237.83.20,8880,8880,false,SIN,Asia Pacific,Singapore,42,0.00
47.76.26.26,8880,8880,false,HKG,Asia Pacific,Hong Kong,42,0.00
47.76.227.128,2086,2086,false,HKG,Asia Pacific,Hong Kong,42,0.00
47.76.49.246,2095,2095,false,HKG,Asia Pacific,Hong Kong,42,0.00
8.218.178.79,8080,8080,false,HKG,Asia Pacific,Hong Kong,42,0.00
8.218.136.25,2052,2052,false,HKG,Asia Pacific,Hong Kong,42,0.00
8.210.175.109,2052,2052,false,HKG,Asia Pacific,Hong Kong,42,0.00
8.218.122.55,8880,8880,false,HKG,Asia Pacific,Hong Kong,42,0.00
8.217.159.210,2082,2082,false,HKG,Asia Pacific,Hong Kong,42,0.00
47.236.253.41,2052,2052,false,SIN,Asia Pacific,Singapore,42,0.00
8.217.50.252,2086,2086,false,HKG,Asia Pacific,Hong Kong,42,0.00
8.222.150.197,2052,2052,false,SIN,Asia Pacific,Singapore,42,0.00
47.242.54.157,2086,2086,false,HKG,Asia Pacific,Hong Kong,42,0.00
8.217.85.14,2095,2095,false,HKG,Asia Pacific,Hong Kong,42,0.00
47.76.214.139,2086,2086,false,HKG,Asia Pacific,Hong Kong,42,0.00
47.242.183.7,2086,2086,false,HKG,Asia Pacific,Hong Kong,42,0.00
8.223.3.253,80,80,false,SIN,Asia Pacific,Singapore,42,0.00
8.217.193.25,2086,2086,false,HKG,Asia Pacific,Hong Kong,42,0.00
47.243.186.171,2082,2082,false,HKG,Asia Pacific,Hong Kong,42,0.00
8.217.248.220,8880,8880,false,HKG,Asia Pacific,Hong Kong,42,0.00
47.236.170.54,2095,2095,false,SIN,Asia Pacific,Singapore,42,0.00
8.218.207.169,8080,8080,false,HKG,Asia Pacific,Hong Kong,42,0.00
8.218.207.169,80,80,false,HKG,Asia Pacific,Hong Kong,42,0.00
8.218.52.115,2082,2082,false,HKG,Asia Pacific,Hong Kong,42,0.00
8.217.221.165,8080,8080,false,HKG,Asia Pacific,Hong Kong,42,0.00
47.243.51.171,8880,8880,false,HKG,Asia Pacific,Hong Kong,42,0.00
8.219.124.227,2095,2095,false,SIN,Asia Pacific,Singapore,42,0.00
47.242.7.162,2052,2052,false,HKG,Asia Pacific,Hong Kong,42,0.00
47.238.35.50,2082,2082,false,HKG,Asia Pacific,Hong Kong,42,0.00
47.237.95.146,80,80,false,SIN,Asia Pacific,Singapore,42,0.00
47.236.10.182,2082,2082,false,SIN,Asia Pacific,Singapore,42,0.00
47.76.189.102,2082,2082,false,HKG,Asia Pacific,Hong Kong,42,0.00
8.210.244.38,8880,8880,false,HKG,Asia Pacific,Hong Kong,42,0.00
8.219.77.222,2086,2086,false,SIN,Asia Pacific,Singapore,42,0.00
8.210.119.11,2082,2082,false,HKG,Asia Pacific,Hong Kong,42,0.00
47.242.17.250,8080,8080,false,HKG,Asia Pacific,Hong Kong,42,0.00
47.243.51.171,2086,2086,false,HKG,Asia Pacific,Hong Kong,42,0.00
47.76.32.108,2095,2095,false,HKG,Asia Pacific,Hong Kong,42,0.00
47.238.5.0,8080,8080,false,HKG,Asia Pacific,Hong Kong,42,0.00
8.218.207.169,2052,2052,false,HKG,Asia Pacific,Hong Kong,42,0.00
8.218.18.132,2095,2095,false,HKG,Asia Pacific,Hong Kong,42,0.00
8.218.222.36,8080,8080,false,HKG,Asia Pacific,Hong Kong,42,0.00
8.217.147.230,8880,8880,false,HKG,Asia Pacific,Hong Kong,42,0.00
8.218.74.119,2095,2095,false,HKG,Asia Pacific,Hong Kong,42,0.00
47.243.60.150,80,80,false,HKG,Asia Pacific,Hong Kong,42,0.00
8.210.42.171,8880,8880,false,HKG,Asia Pacific,Hong Kong,42,0.00
8.210.85.222,2082,2082,false,HKG,Asia Pacific,Hong Kong,42,0.00
47.242.79.71,2095,2095,false,HKG,Asia Pacific,Hong Kong,42,0.00
8.218.136.25,2086,2086,false,HKG,Asia Pacific,Hong Kong,42,0.00
47.242.54.157,2095,2095,false,HKG,Asia Pacific,Hong Kong,42,0.00
8.210.245.224,2052,2052,false,HKG,Asia Pacific,Hong Kong,42,0.00
47.238.40.58,80,80,false,HKG,Asia Pacific,Hong Kong,42,0.00
8.222.167.147,8080,8080,false,SIN,Asia Pacific,Singapore,42,0.00
47.76.77.103,8080,8080,false,HKG,Asia Pacific,Hong Kong,42,0.00
8.210.164.75,2082,2082,false,HKG,Asia Pacific,Hong Kong,42,0.00
8.222.180.86,80,80,false,SIN,Asia Pacific,Singapore,42,0.00
47.243.139.243,2082,2082,false,HKG,Asia Pacific,Hong Kong,42,0.00
47.237.94.140,80,80,false,SIN,Asia Pacific,Singapore,42,0.00
47.76.225.255,8080,8080,false,HKG,Asia Pacific,Hong Kong,42,0.00
47.243.42.219,2082,2082,false,HKG,Asia Pacific,Hong Kong,42,0.00
47.76.204.76,8080,8080,false,HKG,Asia Pacific,Hong Kong,42,0.00
47.76.225.255,2082,2082,false,HKG,Asia Pacific,Hong Kong,42,0.00
47.243.42.219,8080,8080,false,HKG,Asia Pacific,Hong Kong,42,0.00
8.217.164.10,2095,2095,false,HKG,Asia Pacific,Hong Kong,42,0.00
8.210.101.157,8880,8880,false,HKG,Asia Pacific,Hong Kong,42,0.00
8.218.146.204,8880,8880,false,HKG,Asia Pacific,Hong Kong,42,0.00
8.222.137.192,2082,2082,false,SIN,Asia Pacific,Singapore,42,0.00
47.243.26.83,80,80,false,HKG,Asia Pacific,Hong Kong,42,0.00
47.237.83.20,8080,8080,false,SIN,Asia Pacific,Singapore,42,0.00
47.76.227.128,2052,2052,false,HKG,Asia Pacific,Hong Kong,42,0.00
47.76.26.26,8080,8080,false,HKG,Asia Pacific,Hong Kong,42,0.00
47.76.159.146,8880,8880,false,HKG,Asia Pacific,Hong Kong,42,0.00
8.218.181.189,2086,2086,false,HKG,Asia Pacific,Hong Kong,42,0.00
8.219.114.201,2082,2082,false,SIN,Asia Pacific,Singapore,42,0.00
47.243.107.148,80,80,false,HKG,Asia Pacific,Hong Kong,42,0.00
47.76.214.139,2052,2052,false,HKG,Asia Pacific,Hong Kong,42,0.00
47.76.32.108,8080,8080,false,HKG,Asia Pacific,Hong Kong,42,0.00
47.243.139.85,2082,2082,false,HKG,Asia Pacific,Hong Kong,42,0.00
8.217.221.165,8880,8880,false,HKG,Asia Pacific,Hong Kong,42,0.00
47.243.183.127,2082,2082,false,HKG,Asia Pacific,Hong Kong,42,0.00
47.242.232.14,8880,8880,false,HKG,Asia Pacific,Hong Kong,43,0.00
47.76.94.15,2095,2095,false,HKG,Asia Pacific,Hong Kong,43,0.00
47.243.107.148,2086,2086,false,HKG,Asia Pacific,Hong Kong,43,0.00
47.237.100.206,80,80,false,SIN,Asia Pacific,Singapore,43,0.00
8.218.143.10,2095,2095,false,HKG,Asia Pacific,Hong Kong,43,0.00
47.76.233.67,8080,8080,false,HKG,Asia Pacific,Hong Kong,43,0.00
8.217.149.28,2052,2052,false,HKG,Asia Pacific,Hong Kong,43,0.00
47.236.164.215,2082,2082,false,SIN,Asia Pacific,Singapore,43,0.00
47.237.95.140,2086,2086,false,SIN,Asia Pacific,Singapore,43,0.00
47.76.225.255,80,80,false,HKG,Asia Pacific,Hong Kong,43,0.00
8.217.121.207,2082,2082,false,HKG,Asia Pacific,Hong Kong,43,0.00
8.218.146.204,80,80,false,HKG,Asia Pacific,Hong Kong,43,0.00
47.236.169.141,8080,8080,false,SIN,Asia Pacific,Singapore,43,0.00
47.76.214.139,2086,2086,false,HKG,Asia Pacific,Hong Kong,43,0.00
47.236.171.205,2052,2052,false,SIN,Asia Pacific,Singapore,43,0.00
47.76.203.101,2086,2086,false,HKG,Asia Pacific,Hong Kong,43,0.00
47.76.146.1,80,80,false,HKG,Asia Pacific,Hong Kong,43,0.00
47.243.203.119,80,80,false,HKG,Asia Pacific,Hong Kong,43,0.00
8.218.3.198,80,80,false,HKG,Asia Pacific,Hong Kong,43,0.00
47.242.234.127,8880,8880,false,HKG,Asia Pacific,Hong Kong,43,0.00
8.217.207.60,2095,2095,false,HKG,Asia Pacific,Hong Kong,43,0.00
47.76.77.103,8880,8880,false,HKG,Asia Pacific,Hong Kong,43,0.00
47.242.7.162,8880,8880,false,HKG,Asia Pacific,Hong Kong,43,0.00
8.217.121.207,2095,2095,false,HKG,Asia Pacific,Hong Kong,43,0.00
47.76.77.103,2082,2082,false,HKG,Asia Pacific,Hong Kong,43,0.00
8.222.136.247,2052,2052,false,SIN,Asia Pacific,Singapore,43,0.00
47.76.32.108,2082,2082,false,HKG,Asia Pacific,Hong Kong,43,0.00
8.210.65.1,80,80,false,HKG,Asia Pacific,Hong Kong,43,0.00
8.222.174.108,2052,2052,false,SIN,Asia Pacific,Singapore,43,0.00
47.76.77.103,2086,2086,false,HKG,Asia Pacific,Hong Kong,43,0.00
47.242.174.27,2052,2052,false,HKG,Asia Pacific,Hong Kong,43,0.00
8.218.48.92,2086,2086,false,HKG,Asia Pacific,Hong Kong,43,0.00
47.236.144.156,2095,2095,false,SIN,Asia Pacific,Singapore,43,0.00
47.242.174.27,2052,2052,false,HKG,Asia Pacific,Hong Kong,43,0.00
8.218.222.36,2082,2082,false,HKG,Asia Pacific,Hong Kong,43,0.00
47.76.225.255,2082,2082,false,HKG,Asia Pacific,Hong Kong,43,0.00
8.218.18.235,2082,2082,false,HKG,Asia Pacific,Hong Kong,43,0.00
8.217.154.218,2082,2082,false,HKG,Asia Pacific,Hong Kong,43,0.00
47.76.49.246,8080,8080,false,HKG,Asia Pacific,Hong Kong,43,0.00
8.217.154.218,80,80,false,HKG,Asia Pacific,Hong Kong,43,0.00
47.242.202.230,2086,2086,false,HKG,Asia Pacific,Hong Kong,43,0.00
8.210.34.188,2087,2087,true,HKG,Asia Pacific,Hong Kong,43,0.00
8.217.145.40,2082,2082,false,HKG,Asia Pacific,Hong Kong,43,0.00
47.242.7.162,2086,2086,false,HKG,Asia Pacific,Hong Kong,43,0.00
47.237.0.31,2086,2086,false,SIN,Asia Pacific,Singapore,43,0.00
47.76.94.15,2095,2095,false,HKG,Asia Pacific,Hong Kong,43,0.00
8.217.207.60,8080,8080,false,HKG,Asia Pacific,Hong Kong,43,0.00
47.76.227.128,8080,8080,false,HKG,Asia Pacific,Hong Kong,43,0.00
8.218.2.181,2082,2082,false,HKG,Asia Pacific,Hong Kong,43,0.00
8.217.207.60,8880,8880,false,HKG,Asia Pacific,Hong Kong,43,0.00
8.218.18.132,8880,8880,false,HKG,Asia Pacific,Hong Kong,43,0.00
47.76.80.72,2082,2082,false,HKG,Asia Pacific,Hong Kong,43,0.00
47.236.146.249,80,80,false,SIN,Asia Pacific,Singapore,43,0.00
47.243.86.79,2086,2086,false,HKG,Asia Pacific,Hong Kong,43,0.00
8.217.250.222,2082,2082,false,HKG,Asia Pacific,Hong Kong,43,0.00
8.210.85.222,2095,2095,false,HKG,Asia Pacific,Hong Kong,43,0.00
8.218.1.163,8880,8880,false,HKG,Asia Pacific,Hong Kong,43,0.00
47.76.159.146,8080,8080,false,HKG,Asia Pacific,Hong Kong,43,0.00
8.217.147.230,2086,2086,false,HKG,Asia Pacific,Hong Kong,43,0.00
8.217.193.25,8880,8880,false,HKG,Asia Pacific,Hong Kong,43,0.00
47.242.155.183,8080,8080,false,HKG,Asia Pacific,Hong Kong,43,0.00
47.76.225.255,2095,2095,false,HKG,Asia Pacific,Hong Kong,43,0.00
8.210.48.107,80,80,false,HKG,Asia Pacific,Hong Kong,43,0.00
8.210.207.214,8080,8080,false,HKG,Asia Pacific,Hong Kong,43,0.00
47.243.139.243,8080,8080,false,HKG,Asia Pacific,Hong Kong,43,0.00
8.218.188.129,2086,2086,false,HKG,Asia Pacific,Hong Kong,43,0.00
8.210.146.108,2082,2082,false,HKG,Asia Pacific,Hong Kong,43,0.00
8.219.113.232,2052,2052,false,SIN,Asia Pacific,Singapore,43,0.00
8.217.121.207,8880,8880,false,HKG,Asia Pacific,Hong Kong,43,0.00
8.217.181.213,2082,2082,false,HKG,Asia Pacific,Hong Kong,43,0.00
8.219.222.98,80,80,false,SIN,Asia Pacific,Singapore,43,0.00
8.217.251.62,2082,2082,false,HKG,Asia Pacific,Hong Kong,43,0.00
47.242.252.237,2082,2082,false,HKG,Asia Pacific,Hong Kong,43,0.00
47.238.43.79,2086,2086,false,HKG,Asia Pacific,Hong Kong,43,0.00
47.76.233.67,2082,2082,false,HKG,Asia Pacific,Hong Kong,43,0.00
8.218.22.210,2086,2086,false,HKG,Asia Pacific,Hong Kong,43,0.00
47.242.157.96,2052,2052,false,HKG,Asia Pacific,Hong Kong,43,0.00
47.238.131.39,8880,8880,false,HKG,Asia Pacific,Hong Kong,43,0.00
47.242.174.27,8080,8080,false,HKG,Asia Pacific,Hong Kong,43,0.00
47.76.159.146,2052,2052,false,HKG,Asia Pacific,Hong Kong,43,0.00
47.243.186.171,8880,8880,false,HKG,Asia Pacific,Hong Kong,43,0.00
8.218.3.198,2086,2086,false,HKG,Asia Pacific,Hong Kong,43,0.00
47.242.252.237,2052,2052,false,HKG,Asia Pacific,Hong Kong,43,0.00
47.243.173.187,2082,2082,false,HKG,Asia Pacific,Hong Kong,43,0.00
47.242.59.216,80,80,false,HKG,Asia Pacific,Hong Kong,43,0.00
8.218.3.198,8080,8080,false,HKG,Asia Pacific,Hong Kong,43,0.00
47.243.139.85,2052,2052,false,HKG,Asia Pacific,Hong Kong,43,0.00
8.222.162.45,8880,8880,false,SIN,Asia Pacific,Singapore,43,0.00
47.243.5.154,8080,8080,false,HKG,Asia Pacific,Hong Kong,43,0.00
47.242.202.230,8080,8080,false,HKG,Asia Pacific,Hong Kong,43,0.00
8.217.221.165,2082,2082,false,HKG,Asia Pacific,Hong Kong,43,0.00
8.210.63.130,2095,2095,false,HKG,Asia Pacific,Hong Kong,43,0.00
47.236.10.100,80,80,false,SIN,Asia Pacific,Singapore,43,0.00
47.243.70.186,2052,2052,false,HKG,Asia Pacific,Hong Kong,43,0.00
47.76.94.15,2082,2082,false,HKG,Asia Pacific,Hong Kong,43,0.00
8.210.55.134,8080,8080,false,HKG,Asia Pacific,Hong Kong,43,0.00
47.243.139.243,2095,2095,false,HKG,Asia Pacific,Hong Kong,43,0.00
8.218.18.235,8080,8080,false,HKG,Asia Pacific,Hong Kong,43,0.00
8.217.50.252,2095,2095,false,HKG,Asia Pacific,Hong Kong,43,0.00
8.218.52.115,2086,2086,false,HKG,Asia Pacific,Hong Kong,43,0.00
47.76.214.139,8080,8080,false,HKG,Asia Pacific,Hong Kong,44,0.00
8.218.136.25,2082,2082,false,HKG,Asia Pacific,Hong Kong,44,0.00
8.217.159.210,2086,2086,false,HKG,Asia Pacific,Hong Kong,44,0.00
8.219.170.232,2082,2082,false,SIN,Asia Pacific,Singapore,44,0.00
8.217.221.165,2086,2086,false,HKG,Asia Pacific,Hong Kong,44,0.00
47.238.6.58,2052,2052,false,HKG,Asia Pacific,Hong Kong,44,0.00
8.210.107.246,8080,8080,false,HKG,Asia Pacific,Hong Kong,44,0.00
8.210.63.130,2082,2082,false,HKG,Asia Pacific,Hong Kong,44,0.00
47.76.213.245,8880,8880,false,HKG,Asia Pacific,Hong Kong,44,0.00
8.218.1.163,2086,2086,false,HKG,Asia Pacific,Hong Kong,44,0.00
8.218.3.12,80,80,false,HKG,Asia Pacific,Hong Kong,44,0.00
47.242.171.94,2086,2086,false,HKG,Asia Pacific,Hong Kong,44,0.00
8.218.65.171,2082,2082,false,HKG,Asia Pacific,Hong Kong,44,0.00
8.217.147.230,2095,2095,false,HKG,Asia Pacific,Hong Kong,44,0.00
47.76.29.115,2082,2082,false,HKG,Asia Pacific,Hong Kong,44,0.00
47.237.92.26,8080,8080,false,SIN,Asia Pacific,Singapore,44,0.00
47.243.27.217,2095,2095,false,HKG,Asia Pacific,Hong Kong,44,0.00
8.218.18.132,2086,2086,false,HKG,Asia Pacific,Hong Kong,44,0.00
8.218.3.198,8080,8080,false,HKG,Asia Pacific,Hong Kong,44,0.00
47.243.173.187,80,80,false,HKG,Asia Pacific,Hong Kong,44,0.00
8.218.178.79,2082,2082,false,HKG,Asia Pacific,Hong Kong,44,0.00
8.218.85.128,2082,2082,false,HKG,Asia Pacific,Hong Kong,44,0.00
47.242.202.230,80,80,false,HKG,Asia Pacific,Hong Kong,44,0.00
47.243.18.199,8880,8880,false,HKG,Asia Pacific,Hong Kong,44,0.00
8.218.126.53,2082,2082,false,HKG,Asia Pacific,Hong Kong,44,0.00
8.219.107.135,2086,2086,false,SIN,Asia Pacific,Singapore,44,0.00
47.236.144.48,2095,2095,false,SIN,Asia Pacific,Singapore,44,0.00
8.218.74.119,8080,8080,false,HKG,Asia Pacific,Hong Kong,44,0.00
47.242.174.27,2086,2086,false,HKG,Asia Pacific,Hong Kong,44,0.00
47.242.17.250,8443,8443,true,HKG,Asia Pacific,Hong Kong,44,0.00
8.210.156.6,2082,2082,false,HKG,Asia Pacific,Hong Kong,44,0.00
8.218.22.210,80,80,false,HKG,Asia Pacific,Hong Kong,44,0.00
8.218.211.17,2082,2082,false,HKG,Asia Pacific,Hong Kong,44,0.00
47.243.234.9,2086,2086,false,HKG,Asia Pacific,Hong Kong,44,0.00
47.242.155.183,80,80,false,HKG,Asia Pacific,Hong Kong,44,0.00
8.222.179.231,80,80,false,SIN,Asia Pacific,Singapore,44,0.00
47.243.203.119,8880,8880,false,HKG,Asia Pacific,Hong Kong,44,0.00
8.218.65.237,2086,2086,false,HKG,Asia Pacific,Hong Kong,44,0.00
47.236.166.131,80,80,false,SIN,Asia Pacific,Singapore,44,0.00
47.238.131.39,2095,2095,false,HKG,Asia Pacific,Hong Kong,44,0.00
8.218.201.73,8880,8880,false,HKG,Asia Pacific,Hong Kong,44,0.00
8.218.3.198,80,80,false,HKG,Asia Pacific,Hong Kong,44,0.00
8.217.91.121,2052,2052,false,HKG,Asia Pacific,Hong Kong,44,0.00
8.218.136.25,2095,2095,false,HKG,Asia Pacific,Hong Kong,44,0.00
47.76.233.67,2086,2086,false,HKG,Asia Pacific,Hong Kong,44,0.00
47.76.29.115,2082,2082,false,HKG,Asia Pacific,Hong Kong,44,0.00
47.236.169.15,2095,2095,false,SIN,Asia Pacific,Singapore,44,0.00
8.210.119.11,2095,2095,false,HKG,Asia Pacific,Hong Kong,44,0.00
47.243.74.220,2082,2082,false,HKG,Asia Pacific,Hong Kong,44,0.00
47.243.243.14,80,80,false,HKG,Asia Pacific,Hong Kong,44,0.00
47.76.233.67,2082,2082,false,HKG,Asia Pacific,Hong Kong,44,0.00
47.242.107.109,80,80,false,HKG,Asia Pacific,Hong Kong,44,0.00
8.218.211.17,2052,2052,false,HKG,Asia Pacific,Hong Kong,44,0.00
8.210.66.190,80,80,false,HKG,Asia Pacific,Hong Kong,44,0.00
47.238.43.79,2052,2052,false,HKG,Asia Pacific,Hong Kong,44,0.00
47.238.6.102,2082,2082,false,HKG,Asia Pacific,Hong Kong,44,0.00
8.217.154.218,2052,2052,false,HKG,Asia Pacific,Hong Kong,44,0.00
47.238.0.114,8080,8080,false,HKG,Asia Pacific,Hong Kong,44,0.00
47.76.159.146,80,80,false,HKG,Asia Pacific,Hong Kong,44,0.00
47.242.107.109,2095,2095,false,HKG,Asia Pacific,Hong Kong,44,0.00
8.218.8.142,8080,8080,false,HKG,Asia Pacific,Hong Kong,44,0.00
47.76.227.40,2095,2095,false,HKG,Asia Pacific,Hong Kong,44,0.00
47.242.176.237,2052,2052,false,HKG,Asia Pacific,Hong Kong,44,0.00
8.217.72.0,80,80,false,HKG,Asia Pacific,Hong Kong,44,0.00
47.76.213.245,2052,2052,false,HKG,Asia Pacific,Hong Kong,44,0.00
8.218.122.55,80,80,false,HKG,Asia Pacific,Hong Kong,44,0.00
47.76.233.67,8880,8880,false,HKG,Asia Pacific,Hong Kong,44,0.00
47.76.214.139,2083,2083,true,HKG,Asia Pacific,Hong Kong,44,0.00
8.217.250.5,2082,2082,false,HKG,Asia Pacific,Hong Kong,45,0.00
47.243.26.83,8880,8880,false,HKG,Asia Pacific,Hong Kong,45,0.00
8.210.245.224,2082,2082,false,HKG,Asia Pacific,Hong Kong,45,0.00
8.210.21.65,2086,2086,false,HKG,Asia Pacific,Hong Kong,45,0.00
8.217.251.62,2052,2052,false,HKG,Asia Pacific,Hong Kong,45,0.00
8.217.91.121,2086,2086,false,HKG,Asia Pacific,Hong Kong,45,0.00
47.238.43.79,2052,2052,false,HKG,Asia Pacific,Hong Kong,45,0.00
47.236.146.249,2086,2086,false,SIN,Asia Pacific,Singapore,45,0.00
8.218.201.73,2052,2052,false,HKG,Asia Pacific,Hong Kong,45,0.00
8.218.211.17,2082,2082,false,HKG,Asia Pacific,Hong Kong,45,0.00
8.222.150.197,2082,2082,false,SIN,Asia Pacific,Singapore,45,0.00
8.210.89.245,8880,8880,false,HKG,Asia Pacific,Hong Kong,45,0.00
47.237.95.146,2082,2082,false,SIN,Asia Pacific,Singapore,45,0.00
8.218.1.163,8080,8080,false,HKG,Asia Pacific,Hong Kong,45,0.00
8.210.174.156,8443,8443,true,HKG,Asia Pacific,Hong Kong,45,0.00
47.76.49.246,2082,2082,false,HKG,Asia Pacific,Hong Kong,45,0.00
47.242.17.250,2082,2082,false,HKG,Asia Pacific,Hong Kong,45,0.00
8.218.174.118,2086,2086,false,HKG,Asia Pacific,Hong Kong,45,0.00
47.236.10.182,8880,8880,false,SIN,Asia Pacific,Singapore,45,0.00
8.217.145.40,8080,8080,false,HKG,Asia Pacific,Hong Kong,45,0.00
8.217.239.116,8080,8080,false,HKG,Asia Pacific,Hong Kong,45,0.00
8.218.211.17,2086,2086,false,HKG,Asia Pacific,Hong Kong,45,0.00
47.76.33.40,8080,8080,false,HKG,Asia Pacific,Hong Kong,45,0.00
47.238.35.50,2052,2052,false,HKG,Asia Pacific,Hong Kong,45,0.00
8.210.66.190,2095,2095,false,HKG,Asia Pacific,Hong Kong,45,0.00
47.238.131.39,2052,2052,false,HKG,Asia Pacific,Hong Kong,45,0.00
8.217.66.3,8880,8880,false,HKG,Asia Pacific,Hong Kong,45,0.00
8.217.147.230,2052,2052,false,HKG,Asia Pacific,Hong Kong,45,0.00
47.242.79.71,2082,2082,false,HKG,Asia Pacific,Hong Kong,45,0.00
8.222.165.117,2082,2082,false,SIN,Asia Pacific,Singapore,45,0.00
8.217.149.28,8080,8080,false,HKG,Asia Pacific,Hong Kong,45,0.00
47.242.252.237,2082,2082,false,HKG,Asia Pacific,Hong Kong,45,0.00
47.238.40.58,2086,2086,false,HKG,Asia Pacific,Hong Kong,45,0.00
47.76.146.1,2086,2086,false,HKG,Asia Pacific,Hong Kong,45,0.00
47.236.5.223,2095,2095,false,SIN,Asia Pacific,Singapore,45,0.00
8.218.243.95,2095,2095,false,HKG,Asia Pacific,Hong Kong,45,0.00
47.76.80.72,2086,2086,false,HKG,Asia Pacific,Hong Kong,45,0.00
8.217.154.218,2052,2052,false,HKG,Asia Pacific,Hong Kong,45,0.00
8.217.66.3,2052,2052,false,HKG,Asia Pacific,Hong Kong,45,0.00
47.76.26.26,2086,2086,false,HKG,Asia Pacific,Hong Kong,45,0.00
47.243.42.155,2082,2082,false,HKG,Asia Pacific,Hong Kong,45,0.00
8.218.18.132,2082,2082,false,HKG,Asia Pacific,Hong Kong,45,0.00
47.243.67.28,80,80,false,HKG,Asia Pacific,Hong Kong,45,0.00
47.238.43.79,2086,2086,false,HKG,Asia Pacific,Hong Kong,45,0.00
47.238.0.114,80,80,false,HKG,Asia Pacific,Hong Kong,45,0.00
47.238.131.39,2052,2052,false,HKG,Asia Pacific,Hong Kong,45,0.00
47.242.252.237,8080,8080,false,HKG,Asia Pacific,Hong Kong,45,0.00
8.217.123.243,8880,8880,false,HKG,Asia Pacific,Hong Kong,45,0.00
47.236.164.215,80,80,false,SIN,Asia Pacific,Singapore,45,0.00
47.243.173.187,8880,8880,false,HKG,Asia Pacific,Hong Kong,45,0.00
8.217.66.3,8880,8880,false,HKG,Asia Pacific,Hong Kong,45,0.00
47.242.176.237,2086,2086,false,HKG,Asia Pacific,Hong Kong,45,0.00
47.243.169.63,8080,8080,false,HKG,Asia Pacific,Hong Kong,45,0.00
47.243.206.150,2086,2086,false,HKG,Asia Pacific,Hong Kong,45,0.00
47.242.157.96,2082,2082,false,HKG,Asia Pacific,Hong Kong,45,0.00
47.242.183.7,80,80,false,HKG,Asia Pacific,Hong Kong,45,0.00
8.218.173.78,8880,8880,false,HKG,Asia Pacific,Hong Kong,45,0.00
47.238.40.58,80,80,false,HKG,Asia Pacific,Hong Kong,46,0.00
47.243.27.217,8080,8080,false,HKG,Asia Pacific,Hong Kong,46,0.00
47.237.8.82,2086,2086,false,SIN,Asia Pacific,Singapore,46,0.00
47.243.243.14,2086,2086,false,HKG,Asia Pacific,Hong Kong,46,0.00
8.218.52.115,2086,2086,false,HKG,Asia Pacific,Hong Kong,46,0.00
8.217.66.3,2095,2095,false,HKG,Asia Pacific,Hong Kong,46,0.00
8.210.39.96,2086,2086,false,HKG,Asia Pacific,Hong Kong,46,0.00
47.242.59.216,2052,2052,false,HKG,Asia Pacific,Hong Kong,46,0.00
8.218.81.14,2052,2052,false,HKG,Asia Pacific,Hong Kong,46,0.00
47.242.59.216,2082,2082,false,HKG,Asia Pacific,Hong Kong,46,0.00
47.76.49.246,8080,8080,false,HKG,Asia Pacific,Hong Kong,46,0.00
8.218.228.152,8880,8880,false,HKG,Asia Pacific,Hong Kong,46,0.00
47.238.35.50,2095,2095,false,HKG,Asia Pacific,Hong Kong,46,0.00
8.218.74.119,2086,2086,false,HKG,Asia Pacific,Hong Kong,46,0.00
8.218.155.238,2052,2052,false,HKG,Asia Pacific,Hong Kong,46,0.00
8.210.89.245,8080,8080,false,HKG,Asia Pacific,Hong Kong,46,0.00
8.218.146.204,2095,2095,false,HKG,Asia Pacific,Hong Kong,46,0.00
47.242.252.237,2086,2086,false,HKG,Asia Pacific,Hong Kong,46,0.00
47.236.166.131,2052,2052,false,SIN,Asia Pacific,Singapore,46,0.00
47.242.171.94,2082,2082,false,HKG,Asia Pacific,Hong Kong,46,0.00
8.210.9.129,2086,2086,false,HKG,Asia Pacific,Hong Kong,46,0.00
8.218.146.204,2086,2086,false,HKG,Asia Pacific,Hong Kong,46,0.00
47.243.67.28,8080,8080,false,HKG,Asia Pacific,Hong Kong,46,0.00
47.242.54.157,8080,8080,false,HKG,Asia Pacific,Hong Kong,46,0.00
8.218.98.75,2086,2086,false,HKG,Asia Pacific,Hong Kong,46,0.00
47.243.234.9,8880,8880,false,HKG,Asia Pacific,Hong Kong,46,0.00
47.243.51.171,2095,2095,false,HKG,Asia Pacific,Hong Kong,46,0.00
47.237.83.20,2082,2082,false,SIN,Asia Pacific,Singapore,46,0.00
47.243.42.155,8880,8880,false,HKG,Asia Pacific,Hong Kong,46,0.00
47.242.155.183,2086,2086,false,HKG,Asia Pacific,Hong Kong,46,0.00
47.243.51.171,2052,2052,false,HKG,Asia Pacific,Hong Kong,46,0.00
47.236.180.24,2095,2095,false,SIN,Asia Pacific,Singapore,46,0.00
47.243.42.219,80,80,false,HKG,Asia Pacific,Hong Kong,46,0.00
8.219.42.72,8080,8080,false,SIN,Asia Pacific,Singapore,46,0.00
8.217.250.5,8080,8080,false,HKG,Asia Pacific,Hong Kong,46,0.00
8.217.121.207,2086,2086,false,HKG,Asia Pacific,Hong Kong,46,0.00
47.242.125.241,2095,2095,false,HKG,Asia Pacific,Hong Kong,46,0.00
47.237.95.13,8880,8880,false,SIN,Asia Pacific,Singapore,46,0.00
8.218.122.55,2095,2095,false,HKG,Asia Pacific,Hong Kong,46,0.00
47.76.178.146,2086,2086,false,HKG,Asia Pacific,Hong Kong,46,0.00
47.76.26.26,80,80,false,HKG,Asia Pacific,Hong Kong,46,0.00
47.76.225.255,8880,8880,false,HKG,Asia Pacific,Hong Kong,46,0.00
8.210.156.6,8880,8880,false,HKG,Asia Pacific,Hong Kong,46,0.00
8.210.63.130,2052,2052,false,HKG,Asia Pacific,Hong Kong,46,0.00
8.218.143.10,8880,8880,false,HKG,Asia Pacific,Hong Kong,46,0.00
8.217.154.218,2086,2086,false,HKG,Asia Pacific,Hong Kong,46,0.00
47.76.77.103,2052,2052,false,HKG,Asia Pacific,Hong Kong,46,0.00
8.217.127.73,2095,2095,false,HKG,Asia Pacific,Hong Kong,46,0.00
47.242.79.71,8880,8880,false,HKG,Asia Pacific,Hong Kong,46,0.00
47.76.214.139,8880,8880,false,HKG,Asia Pacific,Hong Kong,46,0.00
47.236.165.25,2082,2082,false,SIN,Asia Pacific,Singapore,46,0.00
47.243.42.219,2086,2086,false,HKG,Asia Pacific,Hong Kong,46,0.00
8.218.155.238,2082,2082,false,HKG,Asia Pacific,Hong Kong,46,0.00
8.217.248.220,2052,2052,false,HKG,Asia Pacific,Hong Kong,46,0.00
47.243.183.127,2082,2082,false,HKG,Asia Pacific,Hong Kong,46,0.00
47.236.75.152,2052,2052,false,SIN,Asia Pacific,Singapore,46,0.00
47.243.173.187,2086,2086,false,HKG,Asia Pacific,Hong Kong,46,0.00
8.217.91.121,8880,8880,false,HKG,Asia Pacific,Hong Kong,46,0.00
47.57.14.118,80,80,false,SJC,North America,San Jose,46,0.00
8.217.250.5,2095,2095,false,HKG,Asia Pacific,Hong Kong,46,0.00
47.237.86.185,8080,8080,false,SIN,Asia Pacific,Singapore,47,0.00
8.219.111.175,2095,2095,false,SIN,Asia Pacific,Singapore,47,0.00
47.238.5.0,8880,8880,false,HKG,Asia Pacific,Hong Kong,47,0.00
8.218.188.129,2052,2052,false,HKG,Asia Pacific,Hong Kong,47,0.00
47.243.60.150,2052,2052,false,HKG,Asia Pacific,Hong Kong,47,0.00
8.210.89.245,2095,2095,false,HKG,Asia Pacific,Hong Kong,47,0.00
47.76.33.40,2095,2095,false,HKG,Asia Pacific,Hong Kong,47,0.00
8.210.174.156,2086,2086,false,HKG,Asia Pacific,Hong Kong,47,0.00
8.222.150.197,2095,2095,false,SIN,Asia Pacific,Singapore,47,0.00
8.218.178.79,8880,8880,false,HKG,Asia Pacific,Hong Kong,47,0.00
47.76.233.67,2086,2086,false,HKG,Asia Pacific,Hong Kong,47,0.00
47.242.119.104,2052,2052,false,HKG,Asia Pacific,Hong Kong,47,0.00
47.236.145.85,80,80,false,SIN,Asia Pacific,Singapore,47,0.00
8.217.123.243,8880,8880,false,HKG,Asia Pacific,Hong Kong,47,0.00
8.210.156.6,2052,2052,false,HKG,Asia Pacific,Hong Kong,47,0.00
47.243.234.9,2095,2095,false,HKG,Asia Pacific,Hong Kong,47,0.00
47.76.222.57,2052,2052,false,HKG,Asia Pacific,Hong Kong,47,0.00
8.218.173.78,2095,2095,false,HKG,Asia Pacific,Hong Kong,47,0.00
47.76.213.245,80,80,false,HKG,Asia Pacific,Hong Kong,47,0.00
8.218.11.90,8880,8880,false,HKG,Asia Pacific,Hong Kong,47,0.00
47.243.5.154,2052,2052,false,HKG,Asia Pacific,Hong Kong,47,0.00
47.243.74.220,2082,2082,false,HKG,Asia Pacific,Hong Kong,47,0.00
47.243.42.219,8880,8880,false,HKG,Asia Pacific,Hong Kong,47,0.00
47.76.203.101,2095,2095,false,HKG,Asia Pacific,Hong Kong,47,0.00
8.222.137.192,80,80,false,SIN,Asia Pacific,Singapore,47,0.00
8.219.235.164,2052,2052,false,SIN,Asia Pacific,Singapore,47,0.00
8.210.55.134,2052,2052,false,HKG,Asia Pacific,Hong Kong,47,0.00
47.76.29.115,80,80,false,HKG,Asia Pacific,Hong Kong,47,0.00
47.237.121.38,2095,2095,false,SIN,Asia Pacific,Singapore,47,0.00
8.210.164.75,2052,2052,false,HKG,Asia Pacific,Hong Kong,47,0.00
8.210.63.130,2082,2082,false,HKG,Asia Pacific,Hong Kong,47,0.00
8.219.111.147,2082,2082,false,SIN,Asia Pacific,Singapore,47,0.00
47.236.171.205,80,80,false,SIN,Asia Pacific,Singapore,47,0.00
47.243.67.28,2086,2086,false,HKG,Asia Pacific,Hong Kong,47,0.00
47.242.171.94,2082,2082,false,HKG,Asia Pacific,Hong Kong,47,0.00
47.76.77.103,80,80,false,HKG,Asia Pacific,Hong Kong,47,0.00
47.76.189.102,8080,8080,false,HKG,Asia Pacific,Hong Kong,47,0.00
8.217.164.10,8880,8880,false,HKG,Asia Pacific,Hong Kong,47,0.00
8.218.81.14,2095,2095,false,HKG,Asia Pacific,Hong Kong,47,0.00
47.242.107.109,2086,2086,false,HKG,Asia Pacific,Hong Kong,47,0.00
8.218.1.163,2082,2082,false,HKG,Asia Pacific,Hong Kong,47,0.00
8.217.248.220,8080,8080,false,HKG,Asia Pacific,Hong Kong,47,0.00
47.236.254.120,8080,8080,false,SIN,Asia Pacific,Singapore,47,0.00
8.217.250.5,8080,8080,false,HKG,Asia Pacific,Hong Kong,47,0.00
47.243.18.199,2095,2095,false,HKG,Asia Pacific,Hong Kong,47,0.00
47.243.60.150,2082,2082,false,HKG,Asia Pacific,Hong Kong,47,0.00
8.218.178.79,2095,2095,false,HKG,Asia Pacific,Hong Kong,47,0.00
8.218.65.237,80,80,false,HKG,Asia Pacific,Hong Kong,47,0.00
47.242.183.7,2095,2095,false,HKG,Asia Pacific,Hong Kong,47,0.00
8.218.178.79,2082,2082,false,HKG,Asia Pacific,Hong Kong,47,0.00
47.76.49.246,8880,8880,false,HKG,Asia Pacific,Hong Kong,47,0.00
8.222.144.50,2052,2052,false,SIN,Asia Pacific,Singapore,47,0.00
47.238.40.58,2082,2082,false,HKG,Asia Pacific,Hong Kong,47,0.00
8.217.181.213,8080,8080,false,HKG,Asia Pacific,Hong Kong,47,0.00
8.222.208.38,2082,2082,false,SIN,Asia Pacific,Singapore,47,0.00
47.76.80.72,2095,2095,false,HKG,Asia Pacific,Hong Kong,47,0.00
47.243.70.186,2095,2095,false,HKG,Asia Pacific,Hong Kong,47,0.00
47.243.169.63,2082,2082,false,HKG,Asia Pacific,Hong Kong,47,0.00
8.210.174.156,2095,2095,false,HKG,Asia Pacific,Hong Kong,47,0.00
47.76.192.24,8080,8080,false,HKG,Asia Pacific,Hong Kong,47,0.00
47.243.67.28,2082,2082,false,HKG,Asia Pacific,Hong Kong,47,0.00
47.243.42.155,8880,8880,false,HKG,Asia Pacific,Hong Kong,47,0.00
8.218.65.237,2086,2086,false,HKG,Asia Pacific,Hong Kong,47,0.00
47.242.107.109,8880,8880,false,HKG,Asia Pacific,Hong Kong,47,0.00
47.243.255.224,8080,8080,false,HKG,Asia Pacific,Hong Kong,47,0.00
47.238.0.114,2082,2082,false,HKG,Asia Pacific,Hong Kong,47,0.00
47.76.29.115,2086,2086,false,HKG,Asia Pacific,Hong Kong,47,0.00
47.236.172.95,2095,2095,false,SIN,Asia Pacific,Singapore,47,0.00
8.217.250.222,8880,8880,false,HKG,Asia Pacific,Hong Kong,48,0.00
47.243.60.150,2095,2095,false,HKG,Asia Pacific,Hong Kong,48,0.00
47.243.186.171,8080,8080,false,HKG,Asia Pacific,Hong Kong,48,0.00
47.243.169.63,2052,2052,false,HKG,Asia Pacific,Hong Kong,48,0.00
8.218.243.95,2082,2082,false,HKG,Asia Pacific,Hong Kong,48,0.00
47.238.40.58,2095,2095,false,HKG,Asia Pacific,Hong Kong,48,0.00
8.217.193.25,80,80,false,HKG,Asia Pacific,Hong Kong,48,0.00
47.76.146.1,2087,2087,true,HKG,Asia Pacific,Hong Kong,48,0.00
8.218.11.90,2052,2052,false,HKG,Asia Pacific,Hong Kong,48,0.00
8.210.85.222,8880,8880,false,HKG,Asia Pacific,Hong Kong,48,0.00
47.242.232.14,2082,2082,false,HKG,Asia Pacific,Hong Kong,48,0.00
8.217.181.213,2082,2082,false,HKG,Asia Pacific,Hong Kong,48,0.00
47.242.36.78,2082,2082,false,HKG,Asia Pacific,Hong Kong,48,0.00
8.217.123.243,2095,2095,false,HKG,Asia Pacific,Hong Kong,48,0.00
47.236.172.71,2095,2095,false,SIN,Asia Pacific,Singapore,48,0.00
8.218.3.198,8443,8443,true,HKG,Asia Pacific,Hong Kong,48,0.00
47.243.18.199,80,80,false,HKG,Asia Pacific,Hong Kong,48,0.00
47.76.80.72,80,80,false,HKG,Asia Pacific,Hong Kong,48,0.00
47.238.35.50,80,80,false,HKG,Asia Pacific,Hong Kong,48,0.00
47.242.119.104,80,80,false,HKG,Asia Pacific,Hong Kong,48,0.00
47.243.139.85,8080,8080,false,HKG,Asia Pacific,Hong Kong,48,0.00
47.236.144.208,80,80,false,SIN,Asia Pacific,Singapore,48,0.00
47.76.222.57,8080,8080,false,HKG,Asia Pacific,Hong Kong,48,0.00
8.218.201.73,2086,2086,false,HKG,Asia Pacific,Hong Kong,48,0.00
47.242.125.241,2086,2086,false,HKG,Asia Pacific,Hong Kong,48,0.00
8.218.173.78,2052,2052,false,HKG,Asia Pacific,Hong Kong,48,0.00
8.210.55.134,2082,2082,false,HKG,Asia Pacific,Hong Kong,48,0.00
8.217.49.34,2082,2082,false,HKG,Asia Pacific,Hong Kong,48,0.00
8.217.50.252,8080,8080,false,HKG,Asia Pacific,Hong Kong,48,0.00
47.236.149.107,2082,2082,false,SIN,Asia Pacific,Singapore,48,0.00
8.218.1.163,80,80,false,HKG,Asia Pacific,Hong Kong,48,0.00
8.210.9.129,80,80,false,HKG,Asia Pacific,Hong Kong,48,0.00
8.218.173.78,80,80,false,HKG,Asia Pacific,Hong Kong,48,0.00
47.243.107.148,8880,8880,false,HKG,Asia Pacific,Hong Kong,48,0.00
8.222.137.192,8880,8880,false,SIN,Asia Pacific,Singapore,48,0.00
8.218.3.12,8880,8880,false,HKG,Asia Pacific,Hong Kong,48,0.00
47.76.178.146,8443,8443,true,HKG,Asia Pacific,Hong Kong,48,0.00
47.237.95.146,2086,2086,false,SIN,Asia Pacific,Singapore,48,0.00
8.218.181.189,2095,2095,false,HKG,Asia Pacific,Hong Kong,48,0.00
8.218.174.118,8080,8080,false,HKG,Asia Pacific,Hong Kong,48,0.00
47.76.80.72,2082,2082,false,HKG,Asia Pacific,Hong Kong,48,0.00
47.76.222.57,2086,2086,false,HKG,Asia Pacific,Hong Kong,48,0.00
47.238.35.50,2052,2052,false,HKG,Asia Pacific,Hong Kong,48,0.00
8.218.85.128,2086,2086,false,HKG,Asia Pacific,Hong Kong,48,0.00
8.210.42.171,2082,2082,false,HKG,Asia Pacific,Hong Kong,48,0.00
47.238.131.39,80,80,false,HKG,Asia Pacific,Hong Kong,48,0.00
8.210.101.157,80,80,false,HKG,Asia Pacific,Hong Kong,48,0.00
47.236.5.223,8880,8880,false,SIN,Asia Pacific,Singapore,48,0.00
8.210.42.171,80,80,false,HKG,Asia Pacific,Hong Kong,49,0.00
47.243.27.217,2086,2086,false,HKG,Asia Pacific,Hong Kong,49,0.00
8.217.127.73,2082,2082,false,HKG,Asia Pacific,Hong Kong,49,0.00
47.238.43.79,2095,2095,false,HKG,Asia Pacific,Hong Kong,49,0.00
8.222.174.108,80,80,false,SIN,Asia Pacific,Singapore,49,0.00
8.218.65.237,8080,8080,false,HKG,Asia Pacific,Hong Kong,49,0.00
47.76.204.76,2082,2082,false,HKG,Asia Pacific,Hong Kong,49,0.00
47.237.100.206,2052,2052,false,SIN,Asia Pacific,Singapore,49,0.00
8.210.65.1,2095,2095,false,HKG,Asia Pacific,Hong Kong,49,0.00
8.217.193.25,2095,2095,false,HKG,Asia Pacific,Hong Kong,49,0.00
47.242.36.78,8080,8080,false,HKG,Asia Pacific,Hong Kong,49,0.00
47.236.172.95,2086,2086,false,SIN,Asia Pacific,Singapore,49,0.00
8.218.18.132,8080,8080,false,HKG,Asia Pacific,Hong Kong,49,0.00
47.76.26.26,2095,2095,false,HKG,Asia Pacific,Hong Kong,49,0.00
47.238.6.58,80,80,false,HKG,Asia Pacific,Hong Kong,49,0.00
47.76.33.40,2052,2052,false,HKG,Asia Pacific,Hong Kong,49,0.00
47.242.202.230,8880,8880,false,HKG,Asia Pacific,Hong Kong,49,0.00
8.219.161.129,2082,2082,false,SIN,Asia Pacific,Singapore,49,0.00
8.218.2.181,80,80,false,HKG,Asia Pacific,Hong Kong,49,0.00
8.217.164.10,2086,2086,false,HKG,Asia Pacific,Hong Kong,49,0.00
8.217.181.213,2086,2086,false,HKG,Asia Pacific,Hong Kong,49,0.00
47.76.32.108,2052,2052,false,HKG,Asia Pacific,Hong Kong,49,0.00
8.217.193.25,8080,8080,false,HKG,Asia Pacific,Hong Kong,49,0.00
8.210.43.213,2052,2052,false,HKG,Asia Pacific,Hong Kong,49,0.00
47.243.26.83,2052,2052,false,HKG,Asia Pacific,Hong Kong,49,0.00
47.242.232.14,2082,2082,false,HKG,Asia Pacific,Hong Kong,49,0.00
47.76.37.57,8880,8880,false,HKG,Asia Pacific,Hong Kong,49,0.00
47.243.70.186,8080,8080,false,HKG,Asia Pacific,Hong Kong,49,0.00
8.222.249.190,8080,8080,false,SIN,Asia Pacific,Singapore,49,0.00
8.217.121.207,2052,2052,false,HKG,Asia Pacific,Hong Kong,49,0.00
47.242.234.127,2095,2095,false,HKG,Asia Pacific,Hong Kong,49,0.00
8.218.243.95,2052,2052,false,HKG,Asia Pacific,Hong Kong,49,0.00
47.243.60.150,8080,8080,false,HKG,Asia Pacific,Hong Kong,49,0.00
47.243.60.150,2086,2086,false,HKG,Asia Pacific,Hong Kong,49,0.00
47.238.43.79,2082,2082,false,HKG,Asia Pacific,Hong Kong,49,0.00
47.242.252.237,2052,2052,false,HKG,Asia Pacific,Hong Kong,49,0.00
8.218.207.169,2086,2086,false,HKG,Asia Pacific,Hong Kong,49,0.00
8.218.178.79,80,80,false,HKG,Asia Pacific,Hong Kong,49,0.00
8.210.89.245,8880,8880,false,HKG,Asia Pacific,Hong Kong,50,0.00
47.242.252.237,80,80,false,HKG,Asia Pacific,Hong Kong,50,0.00
47.243.203.119,8080,8080,false,HKG,Asia Pacific,Hong Kong,50,0.00
8.217.85.14,2086,2086,false,HKG,Asia Pacific,Hong Kong,50,0.00
47.243.183.127,2052,2052,false,HKG,Asia Pacific,Hong Kong,50,0.00
47.242.176.237,2052,2052,false,HKG,Asia Pacific,Hong Kong,50,0.00
47.243.139.243,80,80,false,HKG,Asia Pacific,Hong Kong,50,0.00
8.210.207.214,2053,2053,true,HKG,Asia Pacific,Hong Kong,50,0.00
47.76.26.26,2095,2095,false,HKG,Asia Pacific,Hong Kong,50,0.00
47.242.171.94,8080,8080,false,HKG,Asia Pacific,Hong Kong,50,0.00
47.76.192.24,8880,8880,false,HKG,Asia Pacific,Hong Kong,50,0.00
47.242.232.14,2095,2095,false,HKG,Asia Pacific,Hong Kong,50,0.00
8.218.143.10,8080,8080,false,HKG,Asia Pacific,Hong Kong,50,0.00
47.238.0.114,8880,8880,false,HKG,Asia Pacific,Hong Kong,50,0.00
47.243.5.154,8080,8080,false,HKG,Asia Pacific,Hong Kong,50,0.00
8.210.34.188,2052,2052,false,HKG,Asia Pacific,Hong Kong,50,0.00
8.217.147.230,8080,8080,false,HKG,Asia Pacific,Hong Kong,50,0.00
47.237.86.185,8080,8080,false,SIN,Asia Pacific,Singapore,50,0.00
47.76.77.103,2082,2082,false,HKG,Asia Pacific,Hong Kong,50,0.00
47.243.70.186,2082,2082,false,HKG,Asia Pacific,Hong Kong,50,0.00
8.210.119.11,8880,8880,false,HKG,Asia Pacific,Hong Kong,50,0.00
47.238.5.0,2082,2082,false,HKG,Asia Pacific,Hong Kong,50,0.00
8.218.143.10,2086,2086,false,HKG,Asia Pacific,Hong Kong,50,0.00
8.218.2.181,8880,8880,false,HKG,Asia Pacific,Hong Kong,50,0.00
47.243.67.28,8880,8880,false,HKG,Asia Pacific,Hong Kong,50,0.00
8.218.201.73,80,80,false,HKG,Asia Pacific,Hong Kong,50,0.00
47.243.91.58,8880,8880,false,HKG,Asia Pacific,Hong Kong,50,0.00
47.242.234.127,8080,8080,false,HKG,Asia Pacific,Hong Kong,50,0.00
47.243.26.83,8880,8880,false,HKG,Asia Pacific,Hong Kong,50,0.00
8.219.163.195,8080,8080,false,SIN,Asia Pacific,Singapore,50,0.00
8.218.1.163,8080,8080,false,HKG,Asia Pacific,Hong Kong,50,0.00
8.217.91.121,2082,2082,false,HKG,Asia Pacific,Hong Kong,50,0.00
8.218.74.119,2082,2082,false,HKG,Asia Pacific,Hong Kong,50,0.00
8.217.221.165,8880,8880,false,HKG,Asia Pacific,Hong Kong,50,0.00
47.238.35.50,2082,2082,false,HKG,Asia Pacific,Hong Kong,50,0.00
47.242.174.27,8880,8880,false,HKG,Asia Pacific,Hong Kong,50,0.00
47.76.37.57,2086,2086,false,HKG,Asia Pacific,Hong Kong,51,0.00
47.236.9.152,2086,2086,false,SIN,Asia Pacific,Singapore,51,0.00
8.218.155.238,8080,8080,false,HKG,Asia Pacific,Hong Kong,51,0.00
47.242.42.153,2086,2086,false,HKG,Asia Pacific,Hong Kong,51,0.00
47.242.232.14,8880,8880,false,HKG,Asia Pacific,Hong Kong,51,0.00
8.218.22.210,8080,8080,false,HKG,Asia Pacific,Hong Kong,51,0.00
8.218.48.92,2052,2052,false,HKG,Asia Pacific,Hong Kong,51,0.00
8.218.142.253,2086,2086,false,HKG,Asia Pacific,Hong Kong,51,0.00
47.236.10.182,2052,2052,false,SIN,Asia Pacific,Singapore,51,0.00
8.218.201.73,2086,2086,false,HKG,Asia Pacific,Hong Kong,51,0.00
8.218.48.92,2082,2082,false,HKG,Asia Pacific,Hong Kong,51,0.00
47.237.95.140,8880,8880,false,SIN,Asia Pacific,Singapore,51,0.00
8.218.243.95,2095,2095,false,HKG,Asia Pacific,Hong Kong,51,0.00
47.236.145.85,8080,8080,false,SIN,Asia Pacific,Singapore,51,0.00
47.243.42.219,2082,2082,false,HKG,Asia Pacific,Hong Kong,51,0.00
8.217.72.0,2052,2052,false,HKG,Asia Pacific,Hong Kong,51,0.00
8.217.232.246,8880,8880,false,HKG,Asia Pacific,Hong Kong,51,0.00
47.243.5.154,2082,2082,false,HKG,Asia Pacific,Hong Kong,51,0.00
8.218.126.53,2086,2086,false,HKG,Asia Pacific,Hong Kong,51,0.00
47.236.149.107,8880,8880,false,SIN,Asia Pacific,Singapore,51,0.00
8.217.250.222,2052,2052,false,HKG,Asia Pacific,Hong Kong,51,0.00
8.217.91.121,2082,2082,false,HKG,Asia Pacific,Hong Kong,51,0.00
8.218.188.129,2095,2095,false,HKG,Asia Pacific,Hong Kong,51,0.00
47.242.54.157,8880,8880,false,HKG,Asia Pacific,Hong Kong,51,0.00
8.218.65.171,2052,2052,false,HKG,Asia Pacific,Hong Kong,51,0.00
8.218.188.129,2052,2052,false,HKG,Asia Pacific,Hong Kong,51,0.00
47.243.186.171,8880,8880,false,HKG,Asia Pacific,Hong Kong,51,0.00
47.76.204.76,80,80,false,HKG,Asia Pacific,Hong Kong,51,0.00
8.218.122.55,2095,2095,false,HKG,Asia Pacific,Hong Kong,51,0.00
47.243.74.220,8080,8080,false,HKG,Asia Pacific,Hong Kong,51,0.00
8.218.65.237,2095,2095,false,HKG,Asia Pacific,Hong Kong,51,0.00
47.76.37.57,80,80,false,HKG,Asia Pacific,Hong Kong,51,0.00
8.218.22.210,80,80,false,HKG,Asia Pacific,Hong Kong,51,0.00
8.217.193.25,8880,8880,false,HKG,Asia Pacific,Hong Kong,51,0.00
8.222.191.138,2082,2082,false,SIN,Asia Pacific,Singapore,51,0.00
8.222.146.222,8880,8880,false,SIN,Asia Pacific,Singapore,51,0.00
47.243.18.199,2086,2086,false,HKG,Asia Pacific,Hong Kong,51,0.00
47.243.42.155,80,80,false,HKG,Asia Pacific,Hong Kong,52,0.00
8.218.122.55,8080,8080,false,HKG,Asia Pacific,Hong Kong,52,0.00
47.237.10.1,2096,2096,true,SIN,Asia Pacific,Singapore,52,0.00
8.218.122.55,2086,2086,false,HKG,Asia Pacific,Hong Kong,52,0.00
8.217.164.10,2082,2082,false,HKG,Asia Pacific,Hong Kong,52,0.00
47.236.253.41,8443,8443,true,SIN,Asia Pacific,Singapore,52,0.00
8.217.250.222,8880,8880,false,HKG,Asia Pacific,Hong Kong,52,0.00
8.210.34.188,8080,8080,false,HKG,Asia Pacific,Hong Kong,52,0.00
47.76.213.245,2086,2086,false,HKG,Asia Pacific,Hong Kong,52,0.00
8.218.174.118,2052,2052,false,HKG,Asia Pacific,Hong Kong,52,0.00
47.243.74.220,2052,2052,false,HKG,Asia Pacific,Hong Kong,52,0.00
47.243.51.171,8880,8880,false,HKG,Asia Pacific,Hong Kong,52,0.00
47.242.171.94,2095,2095,false,HKG,Asia Pacific,Hong Kong,52,0.00
47.242.79.71,8080,8080,false,HKG,Asia Pacific,Hong Kong,52,0.00
8.210.21.65,2052,2052,false,HKG,Asia Pacific,Hong Kong,52,0.00
8.217.193.25,2082,2082,false,HKG,Asia Pacific,Hong Kong,52,0.00
47.243.139.243,2052,2052,false,HKG,Asia Pacific,Hong Kong,52,0.00
8.218.98.75,2082,2082,false,HKG,Asia Pacific,Hong Kong,52,0.00
47.242.174.27,80,80,false,HKG,Asia Pacific,Hong Kong,52,0.00
8.218.146.204,2082,2082,false,HKG,Asia Pacific,Hong Kong,52,0.00
47.237.95.146,8880,8880,false,SIN,Asia Pacific,Singapore,52,0.00
47.76.94.15,8080,8080,false,HKG,Asia Pacific,Hong Kong,52,0.00
47.76.159.146,8080,8080,false,HKG,Asia Pacific,Hong Kong,52,0.00
47.76.80.72,8880,8880,false,HKG,Asia Pacific,Hong Kong,52,0.00
47.242.107.109,2052,2052,false,HKG,Asia Pacific,Hong Kong,52,0.00
8.210.146.108,8080,8080,false,HKG,Asia Pacific,Hong Kong,52,0.00
8.218.204.128,8880,8880,false,HKG,Asia Pacific,Hong Kong,52,0.00
47.238.35.50,2095,2095,false,HKG,Asia Pacific,Hong Kong,52,0.00
47.242.202.230,2095,2095,false,HKG,Asia Pacific,Hong Kong,52,0.00
47.243.27.217,8880,8880,false,HKG,Asia Pacific,Hong Kong,52,0.00
8.210.66.190,2086,2086,false,HKG,Asia Pacific,Hong Kong,52,0.00
8.218.155.238,80,80,false,HKG,Asia Pacific,Hong Kong,52,0.00
8.212.41.98,8080,8080,false,SJC,North America,San Jose,52,0.00
47.243.107.148,2082,2082,false,HKG,Asia Pacific,Hong Kong,52,0.00
47.242.174.27,2095,2095,false,HKG,Asia Pacific,Hong Kong,52,0.00
47.243.186.171,2095,2095,false,HKG,Asia Pacific,Hong Kong,52,0.00
8.222.244.192,2095,2095,false,SIN,Asia Pacific,Singapore,52,0.00
8.217.159.210,8880,8880,false,HKG,Asia Pacific,Hong Kong,52,0.00
8.217.164.10,2052,2052,false,HKG,Asia Pacific,Hong Kong,52,0.00
47.238.0.114,2095,2095,false,HKG,Asia Pacific,Hong Kong,52,0.00
8.217.154.218,8080,8080,false,HKG,Asia Pacific,Hong Kong,53,0.00
47.236.144.156,8080,8080,false,SIN,Asia Pacific,Singapore,53,0.00
47.238.43.79,2082,2082,false,HKG,Asia Pacific,Hong Kong,53,0.00
47.237.92.26,8880,8880,false,SIN,Asia Pacific,Singapore,53,0.00
47.243.243.14,2052,2052,false,HKG,Asia Pacific,Hong Kong,53,0.00
47.243.67.28,2082,2082,false,HKG,Asia Pacific,Hong Kong,53,0.00
8.218.126.53,8880,8880,false,HKG,Asia Pacific,Hong Kong,53,0.00
47.243.74.220,2052,2052,false,HKG,Asia Pacific,Hong Kong,53,0.00
47.242.234.127,2082,2082,false,HKG,Asia Pacific,Hong Kong,53,0.00
8.217.66.3,2082,2082,false,HKG,Asia Pacific,Hong Kong,53,0.00
8.222.144.50,2086,2086,false,SIN,Asia Pacific,Singapore,53,0.00
8.219.103.65,80,80,false,SIN,Asia Pacific,Singapore,53,0.00
8.218.173.78,2086,2086,false,HKG,Asia Pacific,Hong Kong,53,0.00
8.217.147.230,2086,2086,false,HKG,Asia Pacific,Hong Kong,53,0.00
8.217.251.62,8080,8080,false,HKG,Asia Pacific,Hong Kong,53,0.00
47.236.144.156,8880,8880,false,SIN,Asia Pacific,Singapore,53,0.00
8.219.97.50,80,80,false,SIN,Asia Pacific,Singapore,53,0.00
47.76.98.98,2095,2095,false,HKG,Asia Pacific,Hong Kong,53,0.00
8.217.66.3,80,80,false,HKG,Asia Pacific,Hong Kong,53,0.00
47.237.83.20,2086,2086,false,SIN,Asia Pacific,Singapore,53,0.00
47.243.67.28,8080,8080,false,HKG,Asia Pacific,Hong Kong,53,0.00
8.219.198.139,2086,2086,false,SIN,Asia Pacific,Singapore,53,0.00
8.218.143.10,80,80,false,HKG,Asia Pacific,Hong Kong,53,0.00
47.243.90.180,8080,8080,false,HKG,Asia Pacific,Hong Kong,53,0.00
8.218.65.237,2082,2082,false,HKG,Asia Pacific,Hong Kong,53,0.00
8.218.53.110,2095,2095,false,HKG,Asia Pacific,Hong Kong,53,0.00
8.217.250.222,2087,2087,true,HKG,Asia Pacific,Hong Kong,53,0.00
8.218.204.128,2052,2052,false,HKG,Asia Pacific,Hong Kong,53,0.00
8.217.164.10,2052,2052,false,HKG,Asia Pacific,Hong Kong,53,0.00
8.218.48.92,80,80,false,HKG,Asia Pacific,Hong Kong,53,0.00
47.243.70.186,8080,8080,false,HKG,Asia Pacific,Hong Kong,54,0.00
8.217.181.213,80,80,false,HKG,Asia Pacific,Hong Kong,54,0.00
47.76.192.24,2052,2052,false,HKG,Asia Pacific,Hong Kong,54,0.00
47.76.32.108,2082,2082,false,HKG,Asia Pacific,Hong Kong,54,0.00
47.76.37.57,2095,2095,false,HKG,Asia Pacific,Hong Kong,54,0.00
8.222.215.228,2082,2082,false,SIN,Asia Pacific,Singapore,54,0.00
47.243.255.224,2082,2082,false,HKG,Asia Pacific,Hong Kong,54,0.00
47.243.18.199,80,80,false,HKG,Asia Pacific,Hong Kong,54,0.00
47.238.35.50,8080,8080,false,HKG,Asia Pacific,Hong Kong,54,0.00
47.242.125.241,2082,2082,false,HKG,Asia Pacific,Hong Kong,54,0.00
47.237.95.156,2082,2082,false,SIN,Asia Pacific,Singapore,54,0.00
47.76.29.115,2095,2095,false,HKG,Asia Pacific,Hong Kong,54,0.00
47.238.6.58,2052,2052,false,HKG,Asia Pacific,Hong Kong,54,0.00
8.217.164.10,8880,8880,false,HKG,Asia Pacific,Hong Kong,54,0.00
8.219.42.72,80,80,false,SIN,Asia Pacific,Singapore,54,0.00
8.217.149.28,2086,2086,false,HKG,Asia Pacific,Hong Kong,54,0.00
47.237.81.112,2086,2086,false,SIN,Asia Pacific,Singapore,54,0.00
47.243.234.9,2052,2052,false,HKG,Asia Pacific,Hong Kong,54,0.00
8.218.74.119,2052,2052,false,HKG,Asia Pacific,Hong Kong,54,0.00
8.212.12.98,80,80,false,HKG,Asia Pacific,Hong Kong,54,0.00
47.76.37.57,8080,8080,false,HKG,Asia Pacific,Hong Kong,54,0.00
47.243.203.119,2082,2082,false,HKG,Asia Pacific,Hong Kong,54,0.00
8.218.143.10,2052,2052,false,HKG,Asia Pacific,Hong Kong,54,0.00
47.243.26.83,2086,2086,false,HKG,Asia Pacific,Hong Kong,54,0.00
47.243.107.148,2095,2095,false,HKG,Asia Pacific,Hong Kong,54,0.00
47.238.6.58,2086,2086,false,HKG,Asia Pacific,Hong Kong,54,0.00
8.217.91.121,2052,2052,false,HKG,Asia Pacific,Hong Kong,54,0.00
47.76.178.146,2052,2052,false,HKG,Asia Pacific,Hong Kong,55,0.00
8.219.109.183,443,443,true,SIN,Asia Pacific,Singapore,55,0.00
8.217.159.210,2082,2082,false,HKG,Asia Pacific,Hong Kong,55,0.00
47.243.203.119,2095,2095,false,HKG,Asia Pacific,Hong Kong,55,0.00
8.218.142.253,2082,2082,false,HKG,Asia Pacific,Hong Kong,55,0.00
8.218.18.132,2052,2052,false,HKG,Asia Pacific,Hong Kong,55,0.00
8.217.127.73,80,80,false,HKG,Asia Pacific,Hong Kong,55,0.00
47.238.6.102,2052,2052,false,HKG,Asia Pacific,Hong Kong,55,0.00
47.242.234.127,2052,2052,false,HKG,Asia Pacific,Hong Kong,55,0.00
47.242.125.241,8080,8080,false,HKG,Asia Pacific,Hong Kong,55,0.00
8.217.127.73,2095,2095,false,HKG,Asia Pacific,Hong Kong,55,0.00
47.237.121.38,2086,2086,false,SIN,Asia Pacific,Singapore,55,0.00
47.243.70.186,2086,2086,false,HKG,Asia Pacific,Hong Kong,55,0.00
8.218.204.128,80,80,false,HKG,Asia Pacific,Hong Kong,55,0.00
47.242.125.241,2086,2086,false,HKG,Asia Pacific,Hong Kong,55,0.00
47.238.40.58,8880,8880,false,HKG,Asia Pacific,Hong Kong,55,0.00
47.242.42.153,2052,2052,false,HKG,Asia Pacific,Hong Kong,55,0.00
8.219.5.10,80,80,false,SIN,Asia Pacific,Singapore,55,0.00
47.238.6.58,2086,2086,false,HKG,Asia Pacific,Hong Kong,55,0.00
47.238.40.58,8080,8080,false,HKG,Asia Pacific,Hong Kong,55,0.00
8.210.34.188,2086,2086,false,HKG,Asia Pacific,Hong Kong,55,0.00
8.217.72.0,8880,8880,false,HKG,Asia Pacific,Hong Kong,55,0.00
47.242.125.241,80,80,false,HKG,Asia Pacific,Hong Kong,55,0.00
47.76.80.72,2086,2086,false,HKG,Asia Pacific,Hong Kong,55,0.00
47.243.67.28,2095,2095,false,HKG,Asia Pacific,Hong Kong,55,0.00
47.76.204.76,2086,2086,false,HKG,Asia Pacific,Hong Kong,55,0.00
8.218.146.204,2052,2052,false,HKG,Asia Pacific,Hong Kong,55,0.00
8.217.248.220,2086,2086,false,HKG,Asia Pacific,Hong Kong,55,0.00
8.218.181.189,2082,2082,false,HKG,Asia Pacific,Hong Kong,55,0.00
47.76.227.40,8080,8080,false,HKG,Asia Pacific,Hong Kong,55,0.00
47.243.26.83,8080,8080,false,HKG,Asia Pacific,Hong Kong,55,0.00
47.76.77.103,8880,8880,false,HKG,Asia Pacific,Hong Kong,55,0.00
8.218.53.110,8880,8880,false,HKG,Asia Pacific,Hong Kong,55,0.00
8.218.181.189,2052,2052,false,HKG,Asia Pacific,Hong Kong,56,0.00
8.218.98.75,2095,2095,false,HKG,Asia Pacific,Hong Kong,56,0.00
47.243.70.186,8880,8880,false,HKG,Asia Pacific,Hong Kong,56,0.00
47.76.94.15,80,80,false,HKG,Asia Pacific,Hong Kong,56,0.00
47.243.243.14,2086,2086,false,HKG,Asia Pacific,Hong Kong,56,0.00
47.243.139.85,2086,2086,false,HKG,Asia Pacific,Hong Kong,56,0.00
47.76.233.67,2083,2083,true,HKG,Asia Pacific,Hong Kong,56,0.00
8.218.228.152,2095,2095,false,HKG,Asia Pacific,Hong Kong,56,0.00
8.210.101.157,2086,2086,false,HKG,Asia Pacific,Hong Kong,56,0.00
8.217.49.34,2052,2052,false,HKG,Asia Pacific,Hong Kong,56,0.00
47.238.0.114,2052,2052,false,HKG,Asia Pacific,Hong Kong,56,0.00
47.238.5.0,2086,2086,false,HKG,Asia Pacific,Hong Kong,56,0.00
47.243.169.63,2086,2086,false,HKG,Asia Pacific,Hong Kong,56,0.00
47.242.119.104,2095,2095,false,HKG,Asia Pacific,Hong Kong,56,0.00
47.236.9.152,8080,8080,false,SIN,Asia Pacific,Singapore,56,0.00
8.217.250.5,2095,2095,false,HKG,Asia Pacific,Hong Kong,56,0.00
47.76.159.146,2095,2095,false,HKG,Asia Pacific,Hong Kong,56,0.00
47.243.18.199,8080,8080,false,HKG,Asia Pacific,Hong Kong,56,0.00
47.76.213.245,2095,2095,false,HKG,Asia Pacific,Hong Kong,56,0.00
47.243.255.224,2086,2086,false,HKG,Asia Pacific,Hong Kong,56,0.00
8.222.150.197,80,80,false,SIN,Asia Pacific,Singapore,56,0.00
47.238.6.102,80,80,false,HKG,Asia Pacific,Hong Kong,56,0.00
8.218.204.128,2086,2086,false,HKG,Asia Pacific,Hong Kong,56,0.00
47.243.42.219,8080,8080,false,HKG,Asia Pacific,Hong Kong,56,0.00
8.217.248.220,8880,8880,false,HKG,Asia Pacific,Hong Kong,56,0.00
8.218.65.237,8880,8880,false,HKG,Asia Pacific,Hong Kong,57,0.00
47.242.36.78,2052,2052,false,HKG,Asia Pacific,Hong Kong,57,0.00
47.236.17.193,2086,2086,false,SIN,Asia Pacific,Singapore,57,0.00
8.217.250.5,2052,2052,false,HKG,Asia Pacific,Hong Kong,57,0.00
47.243.234.9,80,80,false,HKG,Asia Pacific,Hong Kong,57,0.00
8.217.66.3,80,80,false,HKG,Asia Pacific,Hong Kong,57,0.00
8.217.250.222,8080,8080,false,HKG,Asia Pacific,Hong Kong,57,0.00
47.238.43.79,8080,8080,false,HKG,Asia Pacific,Hong Kong,57,0.00
47.236.189.92,8880,8880,false,SIN,Asia Pacific,Singapore,57,0.00
47.243.5.154,2086,2086,false,HKG,Asia Pacific,Hong Kong,57,0.00
8.219.114.201,8080,8080,false,SIN,Asia Pacific,Singapore,57,0.00
47.76.94.15,2095,2095,false,HKG,Asia Pacific,Hong Kong,57,0.00
47.243.51.171,80,80,false,HKG,Asia Pacific,Hong Kong,57,0.00
47.236.9.152,2082,2082,false,SIN,Asia Pacific,Singapore,57,0.00
8.222.249.190,8880,8880,false,SIN,Asia Pacific,Singapore,57,0.00
47.242.36.78,2095,2095,false,HKG,Asia Pacific,Hong Kong,57,0.00
8.218.228.152,80,80,false,HKG,Asia Pacific,Hong Kong,57,0.00
8.218.98.75,8080,8080,false,HKG,Asia Pacific,Hong Kong,57,0.00
8.218.204.128,2082,2082,false,HKG,Asia Pacific,Hong Kong,57,0.00
8.218.155.238,8080,8080,false,HKG,Asia Pacific,Hong Kong,57,0.00
8.218.1.163,8880,8880,false,HKG,Asia Pacific,Hong Kong,57,0.00
47.76.189.102,80,80,false,HKG,Asia Pacific,Hong Kong,57,0.00
47.243.86.79,80,80,false,HKG,Asia Pacific,Hong Kong,57,0.00
8.217.207.60,2082,2082,false,HKG,Asia Pacific,Hong Kong,57,0.00
47.236.146.249,443,443,true,SIN,Asia Pacific,Singapore,57,0.00
8.210.207.214,2082,2082,false,HKG,Asia Pacific,Hong Kong,57,0.00
8.219.0.162,8080,8080,false,SIN,Asia Pacific,Singapore,57,0.00
47.243.18.199,8880,8880,false,HKG,Asia Pacific,Hong Kong,57,0.00
47.243.67.28,2052,2052,false,HKG,Asia Pacific,Hong Kong,57,0.00
8.217.181.213,2095,2095,false,HKG,Asia Pacific,Hong Kong,57,0.00
8.218.228.152,2086,2086,false,HKG,Asia Pacific,Hong Kong,57,0.00
47.243.51.171,2052,2052,false,HKG,Asia Pacific,Hong Kong,57,0.00
47.243.186.171,2052,2052,false,HKG,Asia Pacific,Hong Kong,57,0.00
8.218.122.55,2052,2052,false,HKG,Asia Pacific,Hong Kong,57,0.00
47.236.158.158,2086,2086,false,SIN,Asia Pacific,Singapore,58,0.00
47.242.171.94,80,80,false,HKG,Asia Pacific,Hong Kong,58,0.00
47.243.27.217,8080,8080,false,HKG,Asia Pacific,Hong Kong,58,0.00
8.217.181.213,80,80,false,HKG,Asia Pacific,Hong Kong,58,0.00
8.218.228.152,2052,2052,false,HKG,Asia Pacific,Hong Kong,58,0.00
47.242.107.109,8080,8080,false,HKG,Asia Pacific,Hong Kong,58,0.00
47.243.90.180,8880,8880,false,HKG,Asia Pacific,Hong Kong,58,0.00
8.217.91.121,2086,2086,false,HKG,Asia Pacific,Hong Kong,58,0.00
47.243.70.186,2086,2086,false,HKG,Asia Pacific,Hong Kong,58,0.00
8.210.39.96,2095,2095,false,HKG,Asia Pacific,Hong Kong,58,0.00
47.238.5.0,2052,2052,false,HKG,Asia Pacific,Hong Kong,58,0.00
47.238.6.58,80,80,false,HKG,Asia Pacific,Hong Kong,58,0.00
8.218.3.198,2095,2095,false,HKG,Asia Pacific,Hong Kong,58,0.00
8.217.149.28,8880,8880,false,HKG,Asia Pacific,Hong Kong,58,0.00
8.210.203.7,8880,8880,false,HKG,Asia Pacific,Hong Kong,58,0.00
47.238.35.50,2087,2087,true,HKG,Asia Pacific,Hong Kong,58,0.00
8.217.251.62,8880,8880,false,HKG,Asia Pacific,Hong Kong,58,0.00
8.218.3.12,2095,2095,false,HKG,Asia Pacific,Hong Kong,58,0.00
47.76.233.67,2095,2095,false,HKG,Asia Pacific,Hong Kong,58,0.00
47.236.93.176,8880,8880,false,SIN,Asia Pacific,Singapore,59,0.00
8.218.155.238,2095,2095,false,HKG,Asia Pacific,Hong Kong,59,0.00
8.217.127.73,8880,8880,false,HKG,Asia Pacific,Hong Kong,59,0.00
47.76.222.57,2082,2082,false,HKG,Asia Pacific,Hong Kong,59,0.00
8.219.170.232,443,443,true,SIN,Asia Pacific,Singapore,59,0.00
8.218.2.181,2052,2052,false,HKG,Asia Pacific,Hong Kong,59,0.00
47.236.130.95,2052,2052,false,SIN,Asia Pacific,Singapore,59,0.00
47.243.86.79,2052,2052,false,HKG,Asia Pacific,Hong Kong,59,0.00
47.238.5.0,80,80,false,HKG,Asia Pacific,Hong Kong,59,0.00
47.76.80.72,2095,2095,false,HKG,Asia Pacific,Hong Kong,59,0.00
47.242.232.14,2052,2052,false,HKG,Asia Pacific,Hong Kong,59,0.00
8.217.250.222,2082,2082,false,HKG,Asia Pacific,Hong Kong,59,0.00
47.243.70.186,2052,2052,false,HKG,Asia Pacific,Hong Kong,59,0.00
8.210.207.214,2086,2086,false,HKG,Asia Pacific,Hong Kong,59,0.00
47.76.77.103,2095,2095,false,HKG,Asia Pacific,Hong Kong,59,0.00
8.217.250.222,2095,2095,false,HKG,Asia Pacific,Hong Kong,59,0.00
8.217.164.10,8080,8080,false,HKG,Asia Pacific,Hong Kong,59,0.00
8.217.127.73,2086,2086,false,HKG,Asia Pacific,Hong Kong,59,0.00
8.218.146.204,8080,8080,false,HKG,Asia Pacific,Hong Kong,59,0.00
8.222.150.197,2086,2086,false,SIN,Asia Pacific,Singapore,59,0.00
47.238.6.58,2095,2095,false,HKG,Asia Pacific,Hong Kong,59,0.00
47.76.37.57,2052,2052,false,HKG,Asia Pacific,Hong Kong,59,0.00
8.218.65.171,2086,2086,false,HKG,Asia Pacific,Hong Kong,59,0.00
47.238.6.58,2082,2082,false,HKG,Asia Pacific,Hong Kong,60,0.00
47.243.5.154,8880,8880,false,HKG,Asia Pacific,Hong Kong,60,0.00
47.76.204.76,8080,8080,false,HKG,Asia Pacific,Hong Kong,60,0.00
8.217.147.230,2082,2082,false,HKG,Asia Pacific,Hong Kong,60,0.00
47.236.180.24,8880,8880,false,SIN,Asia Pacific,Singapore,60,0.00
47.236.145.85,8880,8880,false,SIN,Asia Pacific,Singapore,60,0.00
8.217.123.243,2082,2082,false,HKG,Asia Pacific,Hong Kong,60,0.00
8.218.143.10,2082,2082,false,HKG,Asia Pacific,Hong Kong,60,0.00
47.243.42.219,2095,2095,false,HKG,Asia Pacific,Hong Kong,60,0.00
8.218.48.92,8880,8880,false,HKG,Asia Pacific,Hong Kong,60,0.00
47.76.204.76,2095,2095,false,HKG,Asia Pacific,Hong Kong,60,0.00
47.243.243.14,80,80,false,HKG,Asia Pacific,Hong Kong,60,0.00
47.238.6.102,2086,2086,false,HKG,Asia Pacific,Hong Kong,60,0.00
47.242.59.216,8880,8880,false,HKG,Asia Pacific,Hong Kong,60,0.00
8.218.2.181,2086,2086,false,HKG,Asia Pacific,Hong Kong,60,0.00
47.76.213.245,8880,8880,false,HKG,Asia Pacific,Hong Kong,60,0.00
8.210.156.6,8080,8080,false,HKG,Asia Pacific,Hong Kong,60,0.00
47.237.95.140,80,80,false,SIN,Asia Pacific,Singapore,60,0.00
8.218.143.10,2086,2086,false,HKG,Asia Pacific,Hong Kong,60,0.00
8.218.136.25,80,80,false,HKG,Asia Pacific,Hong Kong,60,0.00
47.242.176.237,2082,2082,false,HKG,Asia Pacific,Hong Kong,60,0.00
8.222.222.64,2052,2052,false,SIN,Asia Pacific,Singapore,61,0.00
8.222.162.45,2095,2095,false,SIN,Asia Pacific,Singapore,61,0.00
8.210.48.107,8080,8080,false,HKG,Asia Pacific,Hong Kong,61,0.00
8.218.228.152,80,80,false,HKG,Asia Pacific,Hong Kong,61,0.00
47.243.67.28,2095,2095,false,HKG,Asia Pacific,Hong Kong,61,0.00
8.217.207.60,80,80,false,HKG,Asia Pacific,Hong Kong,61,0.00
8.210.43.213,8880,8880,false,HKG,Asia Pacific,Hong Kong,61,0.00
47.243.139.243,2095,2095,false,HKG,Asia Pacific,Hong Kong,61,0.00
8.217.232.246,2052,2052,false,HKG,Asia Pacific,Hong Kong,61,0.00
8.218.143.10,2052,2052,false,HKG,Asia Pacific,Hong Kong,61,0.00
47.76.159.146,8880,8880,false,HKG,Asia Pacific,Hong Kong,61,0.00
47.76.192.24,80,80,false,HKG,Asia Pacific,Hong Kong,61,0.00
8.218.48.92,2082,2082,false,HKG,Asia Pacific,Hong Kong,61,0.00
8.217.159.210,2052,2052,false,HKG,Asia Pacific,Hong Kong,61,0.00
8.218.142.253,2052,2052,false,HKG,Asia Pacific,Hong Kong,61,0.00
47.243.5.154,2095,2095,false,HKG,Asia Pacific,Hong Kong,61,0.00
8.217.154.218,8880,8880,false,HKG,Asia Pacific,Hong Kong,61,0.00
8.217.164.10,2082,2082,false,HKG,Asia Pacific,Hong Kong,61,0.00
47.238.0.114,2086,2086,false,HKG,Asia Pacific,Hong Kong,62,0.00
8.218.207.169,2086,2086,false,HKG,Asia Pacific,Hong Kong,62,0.00
8.217.149.28,2052,2052,false,HKG,Asia Pacific,Hong Kong,62,0.00
47.242.232.14,8080,8080,false,HKG,Asia Pacific,Hong Kong,62,0.00
47.76.225.255,2095,2095,false,HKG,Asia Pacific,Hong Kong,62,0.00
8.218.126.53,80,80,false,HKG,Asia Pacific,Hong Kong,62,0.00
47.238.6.102,8880,8880,false,HKG,Asia Pacific,Hong Kong,62,0.00
8.218.178.79,80,80,false,HKG,Asia Pacific,Hong Kong,62,0.00
47.243.91.58,2086,2086,false,HKG,Asia Pacific,Hong Kong,62,0.00
47.242.202.230,2096,2096,true,HKG,Asia Pacific,Hong Kong,62,0.00
47.242.157.96,2095,2095,false,HKG,Asia Pacific,Hong Kong,62,0.00
8.217.239.116,80,80,false,HKG,Asia Pacific,Hong Kong,62,0.00
47.236.253.41,2095,2095,false,SIN,Asia Pacific,Singapore,62,0.00
47.238.5.0,2095,2095,false,HKG,Asia Pacific,Hong Kong,62,0.00
47.242.232.14,2086,2086,false,HKG,Asia Pacific,Hong Kong,63,0.00
8.210.39.96,2082,2082,false,HKG,Asia Pacific,Hong Kong,63,0.00
47.242.17.250,2095,2095,false,HKG,Asia Pacific,Hong Kong,63,0.00
47.238.6.58,8880,8880,false,HKG,Asia Pacific,Hong Kong,63,0.00
47.238.35.50,8080,8080,false,HKG,Asia Pacific,Hong Kong,63,0.00
47.238.6.58,8080,8080,false,HKG,Asia Pacific,Hong Kong,63,0.00
47.243.42.219,2052,2052,false,HKG,Asia Pacific,Hong Kong,63,0.00
8.219.194.170,2086,2086,false,SIN,Asia Pacific,Singapore,63,0.00
47.236.10.182,80,80,false,SIN,Asia Pacific,Singapore,63,0.00
47.242.107.109,2082,2082,false,HKG,Asia Pacific,Hong Kong,63,0.00
47.243.51.171,2082,2082,false,HKG,Asia Pacific,Hong Kong,63,0.00
47.236.5.223,8080,8080,false,SIN,Asia Pacific,Singapore,63,0.00
47.243.169.63,80,80,false,HKG,Asia Pacific,Hong Kong,63,0.00
8.218.74.119,2082,2082,false,HKG,Asia Pacific,Hong Kong,63,0.00
47.242.171.94,2052,2052,false,HKG,Asia Pacific,Hong Kong,63,0.00
47.243.27.217,2086,2086,false,HKG,Asia Pacific,Hong Kong,63,0.00
47.238.6.102,2095,2095,false,HKG,Asia Pacific,Hong Kong,63,0.00
47.242.176.237,8880,8880,false,HKG,Asia Pacific,Hong Kong,63,0.00
8.218.155.238,80,80,false,HKG,Asia Pacific,Hong Kong,63,0.00
47.242.107.109,80,80,false,HKG,Asia Pacific,Hong Kong,63,0.00
47.236.121.23,80,80,false,SIN,Asia Pacific,Singapore,63,0.00
8.217.251.62,2086,2086,false,HKG,Asia Pacific,Hong Kong,63,0.00
8.210.48.107,2095,2095,false,HKG,Asia Pacific,Hong Kong,63,0.00
47.238.6.102,8080,8080,false,HKG,Asia Pacific,Hong Kong,64,0.00
47.243.27.217,2052,2052,false,HKG,Asia Pacific,Hong Kong,64,0.00
8.210.207.214,2052,2052,false,HKG,Asia Pacific,Hong Kong,64,0.00
47.237.84.173,2086,2086,false,SIN,Asia Pacific,Singapore,64,0.00
47.242.202.230,8443,8443,true,HKG,Asia Pacific,Hong Kong,64,0.00
8.217.221.165,2095,2095,false,HKG,Asia Pacific,Hong Kong,64,0.00
8.218.201.73,80,80,false,HKG,Asia Pacific,Hong Kong,64,0.00
8.218.188.129,2086,2086,false,HKG,Asia Pacific,Hong Kong,64,0.00
47.238.5.0,8080,8080,false,HKG,Asia Pacific,Hong Kong,64,0.00
8.222.164.209,2095,2095,false,SIN,Asia Pacific,Singapore,64,0.00
8.219.110.81,8443,8443,true,SIN,Asia Pacific,Singapore,64,0.00
47.243.27.217,2052,2052,false,HKG,Asia Pacific,Hong Kong,64,0.00
47.242.183.7,8080,8080,false,HKG,Asia Pacific,Hong Kong,64,0.00
8.218.188.129,80,80,false,HKG,Asia Pacific,Hong Kong,64,0.00
8.218.178.79,2086,2086,false,HKG,Asia Pacific,Hong Kong,64,0.00
47.236.146.249,2096,2096,true,SIN,Asia Pacific,Singapore,65,0.00
47.236.170.225,2052,2052,false,SIN,Asia Pacific,Singapore,65,0.00
8.218.181.189,2095,2095,false,HKG,Asia Pacific,Hong Kong,65,0.00
47.76.159.146,2082,2082,false,HKG,Asia Pacific,Hong Kong,65,0.00
8.218.98.75,8880,8880,false,HKG,Asia Pacific,Hong Kong,65,0.00
8.217.49.34,8880,8880,false,HKG,Asia Pacific,Hong Kong,65,0.00
8.219.77.222,8443,8443,true,SIN,Asia Pacific,Singapore,65,0.00
47.243.18.199,2086,2086,false,HKG,Asia Pacific,Hong Kong,65,0.00
47.236.17.193,2095,2095,false,SIN,Asia Pacific,Singapore,65,0.00
47.243.27.217,2082,2082,false,HKG,Asia Pacific,Hong Kong,65,0.00
47.76.33.40,2086,2086,false,HKG,Asia Pacific,Hong Kong,65,0.00
47.242.125.241,2095,2095,false,HKG,Asia Pacific,Hong Kong,65,0.00
8.217.123.243,2086,2086,false,HKG,Asia Pacific,Hong Kong,65,0.00
8.218.201.73,2095,2095,false,HKG,Asia Pacific,Hong Kong,65,0.00
47.243.42.155,8080,8080,false,HKG,Asia Pacific,Hong Kong,65,0.00
47.237.121.38,2052,2052,false,SIN,Asia Pacific,Singapore,65,0.00
47.76.146.1,2053,2053,true,HKG,Asia Pacific,Hong Kong,65,0.00
47.237.84.173,2082,2082,false,SIN,Asia Pacific,Singapore,65,0.00
47.242.36.78,8880,8880,false,HKG,Asia Pacific,Hong Kong,65,0.00
47.250.50.53,80,443,true,SIN,Asia Pacific,Singapore,66,0.00
47.243.91.58,2052,2052,false,HKG,Asia Pacific,Hong Kong,66,0.00
8.218.201.73,2082,2082,false,HKG,Asia Pacific,Hong Kong,66,0.00
8.218.2.181,8080,8080,false,HKG,Asia Pacific,Hong Kong,66,0.00
8.217.121.207,2095,2095,false,HKG,Asia Pacific,Hong Kong,66,0.00
47.242.202.230,443,443,true,HKG,Asia Pacific,Hong Kong,66,0.00
47.76.94.15,2052,2052,false,HKG,Asia Pacific,Hong Kong,66,0.00
8.210.192.93,8880,8880,false,HKG,Asia Pacific,Hong Kong,66,0.00
47.243.206.150,8080,8080,false,HKG,Asia Pacific,Hong Kong,66,0.00
47.236.253.41,8080,8080,false,SIN,Asia Pacific,Singapore,66,0.00
8.218.201.73,8880,8880,false,HKG,Asia Pacific,Hong Kong,66,0.00
47.243.186.171,2052,2052,false,HKG,Asia Pacific,Hong Kong,67,0.00
47.243.26.83,2082,2082,false,HKG,Asia Pacific,Hong Kong,67,0.00
47.76.225.255,2052,2052,false,HKG,Asia Pacific,Hong Kong,67,0.00
47.76.29.115,2052,2052,false,HKG,Asia Pacific,Hong Kong,67,0.00
47.242.107.109,2086,2086,false,HKG,Asia Pacific,Hong Kong,67,0.00
47.242.174.27,2095,2095,false,HKG,Asia Pacific,Hong Kong,67,0.00
8.210.43.213,2086,2086,false,HKG,Asia Pacific,Hong Kong,67,0.00
47.237.121.38,8080,8080,false,SIN,Asia Pacific,Singapore,67,0.00
47.243.18.199,2082,2082,false,HKG,Asia Pacific,Hong Kong,67,0.00
47.243.67.28,2052,2052,false,HKG,Asia Pacific,Hong Kong,67,0.00
47.238.5.0,2052,2052,false,HKG,Asia Pacific,Hong Kong,67,0.00
47.237.81.112,8080,8080,false,SIN,Asia Pacific,Singapore,67,0.00
8.217.250.222,2095,2095,false,HKG,Asia Pacific,Hong Kong,67,0.00
8.218.1.163,2095,2095,false,HKG,Asia Pacific,Hong Kong,68,0.00
47.242.59.216,8080,8080,false,HKG,Asia Pacific,Hong Kong,68,0.00
47.242.202.230,2082,2082,false,HKG,Asia Pacific,Hong Kong,68,0.00
47.237.94.140,2082,2082,false,SIN,Asia Pacific,Singapore,68,0.00
8.210.55.134,80,80,false,HKG,Asia Pacific,Hong Kong,68,0.00
47.238.5.0,80,80,false,HKG,Asia Pacific,Hong Kong,68,0.00
47.237.95.156,80,80,false,SIN,Asia Pacific,Singapore,68,0.00
47.76.178.146,2052,2052,false,HKG,Asia Pacific,Hong Kong,68,0.00
47.243.86.79,8080,8080,false,HKG,Asia Pacific,Hong Kong,68,0.00
47.238.6.102,2086,2086,false,HKG,Asia Pacific,Hong Kong,68,0.00
8.218.136.25,2052,2052,false,HKG,Asia Pacific,Hong Kong,68,0.00
8.218.48.92,2095,2095,false,HKG,Asia Pacific,Hong Kong,68,0.00
8.222.169.222,8080,8080,false,SIN,Asia Pacific,Singapore,68,0.00
47.237.121.38,8880,8880,false,SIN,Asia Pacific,Singapore,68,0.00
47.238.6.102,2082,2082,false,HKG,Asia Pacific,Hong Kong,69,0.00
8.217.72.0,8880,8880,false,HKG,Asia Pacific,Hong Kong,69,0.00
47.243.42.219,8880,8880,false,HKG,Asia Pacific,Hong Kong,69,0.00
47.236.93.176,2082,2082,false,SIN,Asia Pacific,Singapore,69,0.00
47.243.74.220,80,80,false,HKG,Asia Pacific,Hong Kong,69,0.00
8.217.239.116,8080,8080,false,HKG,Asia Pacific,Hong Kong,69,0.00
47.237.82.15,80,80,false,SIN,Asia Pacific,Singapore,69,0.00
47.243.186.171,8080,8080,false,HKG,Asia Pacific,Hong Kong,69,0.00
47.243.67.28,2083,2083,true,HKG,Asia Pacific,Hong Kong,70,0.00
47.236.180.51,2086,2086,false,SIN,Asia Pacific,Singapore,70,0.00
47.243.243.14,8080,8080,false,HKG,Asia Pacific,Hong Kong,70,0.00
47.237.86.185,2082,2082,false,SIN,Asia Pacific,Singapore,70,0.00
47.243.183.127,80,80,false,HKG,Asia Pacific,Hong Kong,70,0.00
8.217.147.230,80,80,false,HKG,Asia Pacific,Hong Kong,70,0.00
8.218.173.78,2086,2086,false,HKG,Asia Pacific,Hong Kong,70,0.00
47.237.83.20,80,80,false,SIN,Asia Pacific,Singapore,70,0.00
47.243.243.14,2082,2082,false,HKG,Asia Pacific,Hong Kong,70,0.00
47.242.107.109,8880,8880,false,HKG,Asia Pacific,Hong Kong,70,0.00
8.218.1.163,2052,2052,false,HKG,Asia Pacific,Hong Kong,71,0.00
47.76.203.101,8080,8080,false,HKG,Asia Pacific,Hong Kong,71,0.00
47.76.178.146,2095,2095,false,HKG,Asia Pacific,Hong Kong,71,0.00
47.243.90.180,2082,2082,false,HKG,Asia Pacific,Hong Kong,71,0.00
47.243.139.243,2082,2082,false,HKG,Asia Pacific,Hong Kong,71,0.00
47.242.79.71,2087,2087,true,HKG,Asia Pacific,Hong Kong,71,0.00
8.219.1.169,443,443,true,SIN,Asia Pacific,Singapore,71,0.00
47.236.149.107,80,80,false,SIN,Asia Pacific,Singapore,71,0.00
8.219.84.214,8443,8443,true,SIN,Asia Pacific,Singapore,72,0.00
47.242.155.183,2052,2052,false,HKG,Asia Pacific,Hong Kong,72,0.00
47.76.222.57,80,80,false,HKG,Asia Pacific,Hong Kong,72,0.00
47.243.5.154,2086,2086,false,HKG,Asia Pacific,Hong Kong,72,0.00
47.76.178.146,2082,2082,false,HKG,Asia Pacific,Hong Kong,72,0.00
47.242.42.153,2083,2083,true,HKG,Asia Pacific,Hong Kong,72,0.00
47.242.107.109,2082,2082,false,HKG,Asia Pacific,Hong Kong,72,0.00
8.218.173.78,2082,2082,false,HKG,Asia Pacific,Hong Kong,72,0.00
8.218.173.78,2095,2095,false,HKG,Asia Pacific,Hong Kong,72,0.00
47.243.183.127,8880,8880,false,HKG,Asia Pacific,Hong Kong,73,0.00
8.218.173.78,8080,8080,false,HKG,Asia Pacific,Hong Kong,73,0.00
47.243.206.150,2095,2095,false,HKG,Asia Pacific,Hong Kong,73,0.00
47.245.86.230,2052,2052,false,SIN,Asia Pacific,Singapore,73,0.00
47.76.189.102,2052,2052,false,HKG,Asia Pacific,Hong Kong,73,0.00
8.218.142.253,2082,2082,false,HKG,Asia Pacific,Hong Kong,73,0.00
47.242.42.153,8880,8880,false,HKG,Asia Pacific,Hong Kong,74,0.00
47.237.95.156,8880,8880,false,SIN,Asia Pacific,Singapore,74,0.00
47.243.107.148,8080,8080,false,HKG,Asia Pacific,Hong Kong,74,0.00
47.76.214.139,80,80,false,HKG,Asia Pacific,Hong Kong,74,0.00
47.237.86.185,80,80,false,SIN,Asia Pacific,Singapore,74,0.00
47.242.202.230,80,80,false,HKG,Asia Pacific,Hong Kong,74,0.00
8.218.143.10,2095,2095,false,HKG,Asia Pacific,Hong Kong,74,0.00
8.218.204.128,2095,2095,false,HKG,Asia Pacific,Hong Kong,74,0.00
47.243.67.28,80,80,false,HKG,Asia Pacific,Hong Kong,74,0.00
47.242.119.104,2082,2082,false,HKG,Asia Pacific,Hong Kong,75,0.00
47.242.252.237,2086,2086,false,HKG,Asia Pacific,Hong Kong,75,0.00
47.243.234.9,8880,8880,false,HKG,Asia Pacific,Hong Kong,75,0.00
47.243.26.83,2086,2086,false,HKG,Asia Pacific,Hong Kong,76,0.00
47.237.125.8,8080,8080,false,SIN,Asia Pacific,Singapore,76,0.00
47.76.32.108,2095,2095,false,HKG,Asia Pacific,Hong Kong,76,0.00
47.242.176.237,2095,2095,false,HKG,Asia Pacific,Hong Kong,76,0.00
47.236.10.100,2095,2095,false,SIN,Asia Pacific,Singapore,77,0.00
8.218.181.189,2082,2082,false,HKG,Asia Pacific,Hong Kong,77,0.00
47.242.36.78,80,80,false,HKG,Asia Pacific,Hong Kong,77,0.00
47.76.204.76,80,80,false,HKG,Asia Pacific,Hong Kong,78,0.00
47.236.80.110,8080,8080,false,SIN,Asia Pacific,Singapore,78,0.00
47.243.26.83,80,80,false,HKG,Asia Pacific,Hong Kong,78,0.00
47.242.157.96,8080,8080,false,HKG,Asia Pacific,Hong Kong,78,0.00
8.217.66.3,8080,8080,false,HKG,Asia Pacific,Hong Kong,78,0.00
47.76.29.115,8880,8880,false,HKG,Asia Pacific,Hong Kong,78,0.00
47.243.70.186,80,80,false,HKG,Asia Pacific,Hong Kong,78,0.00
47.243.139.243,80,80,false,HKG,Asia Pacific,Hong Kong,79,0.00
47.76.214.139,2082,2082,false,HKG,Asia Pacific,Hong Kong,79,0.00
8.218.146.204,2053,2053,true,HKG,Asia Pacific,Hong Kong,79,0.00
8.218.2.181,2052,2052,false,HKG,Asia Pacific,Hong Kong,79,0.00
8.222.136.247,2082,2082,false,SIN,Asia Pacific,Singapore,79,0.00
47.243.74.220,2095,2095,false,HKG,Asia Pacific,Hong Kong,79,0.00
47.243.51.171,2082,2082,false,HKG,Asia Pacific,Hong Kong,79,0.00
8.218.81.14,80,80,false,HKG,Asia Pacific,Hong Kong,79,0.00
47.57.13.107,80,80,false,HKG,Asia Pacific,Hong Kong,79,0.00
47.76.204.76,2052,2052,false,HKG,Asia Pacific,Hong Kong,79,0.00
8.218.243.95,2086,2086,false,HKG,Asia Pacific,Hong Kong,80,0.00
47.236.104.11,8880,8880,false,SIN,Asia Pacific,Singapore,80,0.00
47.243.51.171,80,80,false,HKG,Asia Pacific,Hong Kong,80,0.00
47.243.86.79,2082,2082,false,HKG,Asia Pacific,Hong Kong,80,0.00
8.217.127.73,2082,2082,false,HKG,Asia Pacific,Hong Kong,80,0.00
47.236.144.208,2095,2095,false,SIN,Asia Pacific,Singapore,80,0.00
47.76.80.72,8080,8080,false,HKG,Asia Pacific,Hong Kong,81,0.00
47.236.150.13,2052,2052,false,SIN,Asia Pacific,Singapore,81,0.00
47.242.79.71,8443,8443,true,HKG,Asia Pacific,Hong Kong,82,0.00
8.217.193.25,8080,8080,false,HKG,Asia Pacific,Hong Kong,82,0.00
47.242.157.96,2095,2095,false,HKG,Asia Pacific,Hong Kong,82,0.00
47.236.144.48,8080,8080,false,SIN,Asia Pacific,Singapore,82,0.00
8.217.123.243,80,80,false,HKG,Asia Pacific,Hong Kong,84,0.00
8.218.146.204,2083,2083,true,HKG,Asia Pacific,Hong Kong,84,0.00
8.217.149.28,8880,8880,false,HKG,Asia Pacific,Hong Kong,84,0.00
47.243.90.180,8080,8080,false,HKG,Asia Pacific,Hong Kong,84,0.00
47.242.7.162,2095,2095,false,HKG,Asia Pacific,Hong Kong,85,0.00
47.76.94.15,2082,2082,false,HKG,Asia Pacific,Hong Kong,85,0.00
47.243.26.83,8080,8080,false,HKG,Asia Pacific,Hong Kong,85,0.00
47.236.172.95,80,80,false,SIN,Asia Pacific,Singapore,85,0.00
47.243.26.83,2082,2082,false,HKG,Asia Pacific,Hong Kong,86,0.00
8.219.97.50,2053,2053,true,SIN,Asia Pacific,Singapore,86,0.00
8.222.162.45,8880,8880,false,SIN,Asia Pacific,Singapore,86,0.00
47.242.232.14,80,80,false,HKG,Asia Pacific,Hong Kong,86,0.00
8.218.146.204,8443,8443,true,HKG,Asia Pacific,Hong Kong,86,0.00
8.222.165.117,2096,2096,true,SIN,Asia Pacific,Singapore,86,0.00
47.243.139.243,8880,8880,false,HKG,Asia Pacific,Hong Kong,87,0.00
47.250.14.147,80,443,true,KUL,Asia Pacific,Kuala Lumpur,87,0.00
47.236.104.11,2095,2095,false,SIN,Asia Pacific,Singapore,87,0.00
8.210.175.109,2053,2053,true,HKG,Asia Pacific,Hong Kong,87,0.00
47.242.36.78,2053,2053,true,HKG,Asia Pacific,Hong Kong,88,0.00
8.222.169.222,8880,8880,false,SIN,Asia Pacific,Singapore,89,0.00
47.76.178.146,2096,2096,true,HKG,Asia Pacific,Hong Kong,89,0.00
47.243.60.150,2082,2082,false,HKG,Asia Pacific,Hong Kong,89,0.00
47.238.35.50,2083,2083,true,HKG,Asia Pacific,Hong Kong,89,0.00
8.217.239.116,8880,8880,false,HKG,Asia Pacific,Hong Kong,90,0.00
47.242.202.230,2087,2087,true,HKG,Asia Pacific,Hong Kong,90,0.00
47.242.252.237,8880,8880,false,HKG,Asia Pacific,Hong Kong,91,0.00
8.218.142.253,8880,8880,false,HKG,Asia Pacific,Hong Kong,91,0.00
8.219.153.237,2095,2095,false,NRT,Asia Pacific,Tokyo,91,0.00
47.76.26.26,8880,8880,false,HKG,Asia Pacific,Hong Kong,91,0.00
47.242.176.237,80,80,false,HKG,Asia Pacific,Hong Kong,92,0.00
47.236.125.62,2082,2082,false,NRT,Asia Pacific,Tokyo,92,0.00
47.76.32.108,80,80,false,HKG,Asia Pacific,Hong Kong,93,0.00
47.236.130.95,2086,2086,false,SIN,Asia Pacific,Singapore,93,0.00
47.76.98.98,2086,2086,false,HKG,Asia Pacific,Hong Kong,94,0.00
8.219.153.237,8080,8080,false,NRT,Asia Pacific,Tokyo,95,0.00
8.217.250.5,80,80,false,HKG,Asia Pacific,Hong Kong,96,0.00
8.218.178.79,2086,2086,false,HKG,Asia Pacific,Hong Kong,96,0.00
47.76.26.26,2086,2086,false,HKG,Asia Pacific,Hong Kong,96,0.00
8.219.153.237,8880,8880,false,NRT,Asia Pacific,Tokyo,96,0.00
47.236.75.152,2086,2086,false,SIN,Asia Pacific,Singapore,97,0.00
8.218.52.115,80,80,false,HKG,Asia Pacific,Hong Kong,97,0.00
8.219.153.237,2052,2052,false,NRT,Asia Pacific,Tokyo,98,0.00
8.222.237.131,2086,2086,false,SIN,Asia Pacific,Singapore,99,0.00
149.129.8.215,80,80,false,SJC,North America,San Jose,99,0.00
47.76.214.139,8443,8443,true,HKG,Asia Pacific,Hong Kong,100,0.00
8.219.142.191,2095,2095,false,SIN,Asia Pacific,Singapore,101,0.00
8.219.66.156,8080,8080,false,NRT,Asia Pacific,Tokyo,101,0.00
8.219.104.37,8080,8080,false,SIN,Asia Pacific,Singapore,102,0.00
8.210.66.190,2052,2052,false,HKG,Asia Pacific,Hong Kong,103,0.00
8.217.250.5,8880,8880,false,HKG,Asia Pacific,Hong Kong,103,0.00
149.129.8.215,80,80,false,SJC,North America,San Jose,104,0.00
47.238.35.50,2053,2053,true,HKG,Asia Pacific,Hong Kong,104,0.00
47.76.98.98,2082,2082,false,HKG,Asia Pacific,Hong Kong,105,0.00
8.219.153.237,2052,2052,false,NRT,Asia Pacific,Tokyo,105,0.00
47.243.234.9,8080,8080,false,HKG,Asia Pacific,Hong Kong,105,0.00
8.219.66.156,8880,8880,false,NRT,Asia Pacific,Tokyo,105,0.00
47.236.125.62,2052,2052,false,NRT,Asia Pacific,Tokyo,105,0.00
8.210.101.157,2052,2052,false,HKG,Asia Pacific,Hong Kong,105,0.00
47.236.180.51,2096,2096,true,SIN,Asia Pacific,Singapore,106,0.00
8.210.101.157,2095,2095,false,HKG,Asia Pacific,Hong Kong,106,0.00
8.218.146.204,2087,2087,true,HKG,Asia Pacific,Hong Kong,106,0.00
8.219.163.195,2052,2052,false,SIN,Asia Pacific,Singapore,106,0.00
47.237.81.112,80,80,false,SIN,Asia Pacific,Singapore,107,0.00
8.219.66.156,2086,2086,false,NRT,Asia Pacific,Tokyo,109,0.00
8.219.153.237,2086,2086,false,NRT,Asia Pacific,Tokyo,109,0.00
8.219.153.237,8080,8080,false,NRT,Asia Pacific,Tokyo,109,0.00
8.219.153.237,80,80,false,NRT,Asia Pacific,Tokyo,110,0.00
8.222.187.4,2095,2095,false,SIN,Asia Pacific,Singapore,110,0.00
8.219.66.156,2052,2052,false,NRT,Asia Pacific,Tokyo,111,0.00
47.236.125.62,2095,2095,false,NRT,Asia Pacific,Tokyo,112,0.00
8.222.169.222,2086,2086,false,SIN,Asia Pacific,Singapore,112,0.00
8.222.162.45,80,80,false,SIN,Asia Pacific,Singapore,112,0.00
47.236.125.62,8080,8080,false,NRT,Asia Pacific,Tokyo,114,0.00
8.219.66.156,2095,2095,false,NRT,Asia Pacific,Tokyo,114,0.00
47.236.118.216,2052,2052,false,SIN,Asia Pacific,Singapore,115,0.00
47.236.125.62,2086,2086,false,NRT,Asia Pacific,Tokyo,115,0.00
47.237.95.13,2052,2052,false,SIN,Asia Pacific,Singapore,116,0.00
47.236.146.249,8080,8080,false,SIN,Asia Pacific,Singapore,116,0.00
47.236.144.156,2086,2086,false,SIN,Asia Pacific,Singapore,116,0.00
8.219.66.156,80,80,false,NRT,Asia Pacific,Tokyo,117,0.00
8.219.66.156,2082,2082,false,NRT,Asia Pacific,Tokyo,118,0.00
8.219.153.237,2086,2086,false,NRT,Asia Pacific,Tokyo,118,0.00
8.218.126.53,8080,8080,false,HKG,Asia Pacific,Hong Kong,120,0.00
47.76.214.139,2087,2087,true,HKG,Asia Pacific,Hong Kong,120,0.00
47.237.92.26,2052,2052,false,SIN,Asia Pacific,Singapore,127,0.00
47.236.158.158,2095,2095,false,SIN,Asia Pacific,Singapore,129,0.00
47.237.86.185,8880,8880,false,SIN,Asia Pacific,Singapore,130,0.00
47.236.125.62,8880,8880,false,NRT,Asia Pacific,Tokyo,131,0.00
47.237.95.140,2082,2082,false,SIN,Asia Pacific,Singapore,132,0.00
47.242.176.237,8880,8880,false,HKG,Asia Pacific,Hong Kong,133,0.00
8.222.184.198,8080,8080,false,SIN,Asia Pacific,Singapore,139,0.00
8.219.153.237,80,80,false,NRT,Asia Pacific,Tokyo,140,0.00
47.237.95.13,2086,2086,false,SIN,Asia Pacific,Singapore,142,0.00
47.237.82.15,2082,2082,false,SIN,Asia Pacific,Singapore,143,0.00
8.217.232.246,2086,2086,false,HKG,Asia Pacific,Hong Kong,146,0.00
8.219.49.65,2052,2052,false,SIN,Asia Pacific,Singapore,152,0.00
47.237.82.15,8080,8080,false,SIN,Asia Pacific,Singapore,152,0.00
47.236.169.141,80,80,false,SIN,Asia Pacific,Singapore,154,0.00
47.236.87.246,2052,2052,false,SIN,Asia Pacific,Singapore,154,0.00
8.209.119.190,80,80,false,SJC,North America,San Jose,154,0.00
8.219.122.55,80,80,false,SIN,Asia Pacific,Singapore,155,0.00
47.236.125.62,80,80,false,NRT,Asia Pacific,Tokyo,155,0.00
47.76.77.103,2095,2095,false,HKG,Asia Pacific,Hong Kong,156,0.00
47.236.180.24,2086,2086,false,SIN,Asia Pacific,Singapore,157,0.00
47.76.98.98,8080,8080,false,HKG,Asia Pacific,Hong Kong,158,0.00
47.236.10.100,8880,8880,false,SIN,Asia Pacific,Singapore,159,0.00
47.236.10.100,2052,2052,false,SIN,Asia Pacific,Singapore,160,0.00
47.236.10.100,2086,2086,false,SIN,Asia Pacific,Singapore,160,0.00
47.236.10.100,8080,8080,false,SIN,Asia Pacific,Singapore,161,0.00
8.211.11.169,443,443,true,FRA,Europe,Frankfurt,162,0.00
47.237.125.8,2086,2086,false,SIN,Asia Pacific,Singapore,167,0.00
8.219.83.71,2086,2086,false,SIN,Asia Pacific,Singapore,169,0.00
8.211.5.183,443,443,true,FRA,Europe,Frankfurt,169,0.00
8.211.23.157,443,443,true,FRA,Europe,Frankfurt,171,0.00
47.236.117.48,80,80,false,SIN,Asia Pacific,Singapore,173,0.00
47.251.70.179,80,80,false,SJC,North America,San Jose,174,0.00
8.211.15.234,443,443,true,FRA,Europe,Frankfurt,176,0.00
47.88.31.196,8080,80,false,SJC,North America,San Jose,176,0.00
47.88.31.196,8080,80,false,SJC,North America,San Jose,180,0.00
47.237.95.156,2095,2095,false,SIN,Asia Pacific,Singapore,185,0.00
47.236.158.158,2052,2052,false,SIN,Asia Pacific,Singapore,185,0.00
47.236.118.216,2095,2095,false,SIN,Asia Pacific,Singapore,185,0.00
47.236.125.62,8080,8080,false,NRT,Asia Pacific,Tokyo,190,0.00
8.218.228.152,2082,2082,false,HKG,Asia Pacific,Hong Kong,191,0.00
8.219.139.13,2086,2086,false,SIN,Asia Pacific,Singapore,199,0.00
47.236.94.195,80,8080,false,OTP,Europe,Bucharest,210,0.00
8.219.132.64,2086,2086,false,SIN,Asia Pacific,Singapore,229,0.00
8.219.124.227,80,80,false,SIN,Asia Pacific,Singapore,229,0.00
47.237.100.206,2082,2082,false,SIN,Asia Pacific,Singapore,231,0.00
8.219.0.48,2052,2052,false,SIN,Asia Pacific,Singapore,236,0.00
47.237.81.112,2082,2082,false,SIN,Asia Pacific,Singapore,249,0.00
47.90.141.204,80,80,false,LAX,North America,Los Angeles,253,0.00
8.219.163.195,2095,2095,false,SIN,Asia Pacific,Singapore,262,0.00
8.222.167.147,2086,2086,false,SIN,Asia Pacific,Singapore,266,0.00
47.76.37.57,8880,8880,false,HKG,Asia Pacific,Hong Kong,285,0.00
47.237.100.206,8080,8080,false,SIN,Asia Pacific,Singapore,312,0.00
8.219.126.240,2052,2052,false,SIN,Asia Pacific,Singapore,352,0.00
8.219.5.10,2086,2086,false,SIN,Asia Pacific,Singapore,359,0.00
8.222.222.64,2095,2095,false,SIN,Asia Pacific,Singapore,382,0.00
47.236.94.195,80,8080,false,OTP,Europe,Bucharest,486,0.00
47.237.82.15,2052,2052,false,SIN,Asia Pacific,Singapore,528,0.00
47.237.121.38,80,80,false,SIN,Asia Pacific,Singapore,537,0.00
